0 0 0 33 186 215 225 227 256 256 333 367 475 536 536 539 611 644 687 765 811 843 960 1013 1102 1127 1244 1282 1286 1383 1483 1570 1579 1663 1682 1695 1781 1793 1800 1906 1930 1957 1996 2005 2049 2090 2104 2164
1 1 567 797 905 1415
2 2 212 482 516 516 516 561 585 597 656 721 981 981 1004 1248 1363 1416 1456 1623 1777 1820 2059
3 3 19 391 530 695 774 862 862 887 1036 1308 1684 1784 2026
4 4 4 7 294 602 801 938 939 1202 1229 1355 1402 1461 1461 1529 1593 1764
5 5 26 31 33 78 101 120 124 140 145 169 170 182 191 217 229 236 252 280 284 289 305 316 319 366 385 400 407 416 479 514 555 621 625 653 655 657 698 700 705 740 756 759 788 788 802 904 908 935 940 974 990 1008 1040 1072 1103 1107 1122 1164 1218 1231 1263 1286 1286 1420 1420 1425 1437 1458 1478 1609 1619 1643 1680 1693 1720 1748 1748 1761 1765 1767 1799 1870 1898 1913 1919 1961 1961 1961 1980 2015 2081 2145
6 6 59 75 98 128 174 177 261 269 310 324 342 372 380 400 496 552 654 676 742 749 753 766 827 919 941 966 966 1130 1135 1217 1257 1266 1429 1578 1609 2112 2185
7 7 7 11 48 153 184 233 233 466 470 579 588 638 765 911 965 985 1136 1178 1222 1851 2041 2102
8 8 32 51 126 226 988 1155 1375
9 9 127 210 280 698 771 1043 1221 1336 1664 1690 1828 1996
10 10 19 59 62 208 343 347 734 734 936 1800 1999 2047
11 10 12 34 48 49 50 58 58 78 93 93 97 97 97 97 128 170 170 179 184 184 221 236 238 254 256 256 264 275 287 302 302 303 304 311 320 329 329 339 366 366 380 384 384 470 517 528 539 542 549 576 579 607 620 637 664 666 666 695 714 714 715 721 741 749 749 749 753 765 768 811 831 831 843 857 857 862 910 935 943 954 954 983 990 1003 1028 1028 1059 1155 1165 1173 1220 1244 1263 1263 1263 1263 1263 1263 1271 1280 1290 1291 1305 1310 1357 1395 1453 1558 1619 1619 1797 1828 1851 2082 2121
12 13 67 68 116 202 202 216 216 231 276 286 365 395 395 399 399 399 453 453 519 786 801 813 816 926 1094 1116 1148 1181 1221 1475 1542 1615 1662 1671 1716 1716 1763 2050
13 14 35 92 106 112 173 405 466 583 589 590 612 649 815 1003 1138 1583 1634
14 1 1 10 15 54 119 121 137 137 142 178 233 279 525 600 600 662 671 671 785 819 956 1009 1012 1053 1053 1059 1068 1068 1318 1318 1318 1328 1346 1415 1467 1482 1506 1507 1507 1557 1721 1805 1863
15 16 203 233 423 1053 1409 1536 1601 1726 1773 1983 2001 2087 2165
16 17 18 23 48 72 183 217 217 242 250 295 343 360 514 536 582 625 656 657 737 749 828 828 872 907 914 938 944 960 1072 1105 1118 1128 1197 1516 1681 1762
17 16 18 128 170 182 279 297 297 327 366 433 435 517 536 711 870 936 956 980 996 996 1009 1045 1085 1157 1431 1465 1758 1793 1870 1913 1922
18 19 34 139 157 159 198 286 428 989 1489 1630 1763 1781 2025 2042
19 20 20 20 20 30 42 148 171 171 180 192 262 317 317 330 330 330 330 410 411 489 550 632 632 779 834 834 834 835 1158 1356 1390 1423 1423 1423 1497 1632 1653 1722 1804 1804 1819 1842 2109 2133
20 21 21 21 21 55 84 114 126 135 153 221 242 286 300 300 331 346 375 379 384 396 396 428 477 512 538 544 547 551 564 578 578 578 578 584 590 605 605 605 611 625 625 668 751 751 786 786 790 801 840 852 899 899 933 1112 1115 1115 1115 1119 1151 1218 1218 1270 1312 1331 1331 1337 1357 1372 1410 1425 1438 1443 1463 1489 1496 1512 1533 1767 1768 1804 1859 1870 1922 1993 2010 2126 2180
21 22 247 261 310 657 848 1320 1365 1437 1447 1478 1785 1864 1884 1971 2030 2040 2055 2068
22 23 44 89 122 125 139 157 195 197 197 217 250 250 275 304 316 316 324 387 477 561 648 655 655 665 688 735 754 794 808 826 909 931 981 1014 1081 1107 1108 1147 1207 1366 1483 1564 1582
23 10 24 29 60 60 91 142 149 151 151 175 224 228 254 254 307 338 372 384 393 419 468 706 753 753 753 785 791 890 890 900 963 963 1003 1085 1136 1165 1212 1215 1241 1267 1273 1393 1398 1442 1638 1642 1695 1728 1792 1792 1836 1920
24 25 30 30 60 87 121 132 148 149 155 270 315 330 344 431 442 461 480 491 500 603 632 667 723 733 784 823 823 825 912 913 922 944 988 1042 1298 1333 1344 1423 1490 1490 1503 1515 1525 1575 1672 1683 1713 1896 1945 2071
25 26 119 225 244 494 558 564 1299 1299 1299 1633
26 27 181 216 226 274 307 359 491 935 1086 1111 1134 1185 1188 1375 1520 1523 1655 1897 1960
27 28 275 345 636 675 962
28 29 29 32 41 41 41 121 145 175 192 194 194 213 220 224 270 270 282 310 356 393 417 431 447 459 491 491 602 628 679 708 708 727 764 809 866 883 890 924 962 1005 1046 1047 1047 1078 1086 1110 1120 1153 1153 1153 1191 1241 1247 1261 1261 1261 1280 1288 1293 1378 1432 1561 1608 1757 1808 1816
29 30 30 30 106 235 235 567 673 691 823 823 831 831 874 874 884 1016 1016 1016 1050 1050 1050 1144 1192 1393 1945 1945 1963 2131
30 31 31 35 104 119 125 125 160 246 268 427 458 459 612 612 702 756 756 1477 1646 1835 2050
31 32 66 131 183 240 255 265 281 312 345 351 365 381 440 508 525 532 546 550 567 578 583 594 624 744 784 797 880 907 912 912 921 973 1016 1018 1018 1173 1173 1319 1341 1341 1341 1341 1344 1377 1378 1393 1411 1421 1588 1593 1814 1845 1907 2183
32 24 24 31 33 33 34 179 185 185 185 185 185 185 191 191 191 260 283 283 283 284 322 322 322 348 348 348 348 348 348 349 349 382 386 386 386 386 386 437 487 487 498 498 535 578 621 621 621 690 690 690 690 690 690 694 694 694 694 694 694 749 768 865 923 923 923 923 931 936 936 936 936 937 937 961 961 961 990 1045 1099 1149 1149 1149 1149 1163 1163 1207 1207 1209 1209 1231 1232 1262 1276 1281 1281 1281 1281 1307 1331 1331 1401 1431 1442 1496 1496 1552 1552 1552 1595 1621 1626 1678 1689 1694 1706 1756 1761 1862 1923 1951 1954 2126 2126
33 10 18 18 23 34 61 76 89 119 122 177 207 287 323 323 333 338 342 357 375 379 432 444 473 477 477 488 548 580 589 621 744 745 756 768 775 778 792 795 833 877 878 879 917 942 967 973 992 1048 1081 1140 1167 1205 1206 1228 1240 1271 1313 1358 1406 1433 1462 1470 1471 1491 1610 1612 1639 1680 1728 1742 1837
34 35 83 168 255 342 342 412 474 538 545 612 748 1359 1361 1688
35 36 95 103 106 119 170 178 178 183 185 226 259 439 439 439 447 458 494 518 542 764 772 796 796 801 890 979 979 1002 1008 1044 1047 1053 1132 1225 1241 1308 1388 1893 2036
36 36 37 66 79 95 104 119 133 133 139 162 213 281 281 285 285 287 345 345 392 393 395 416 416 416 458 459 460 494 494 494 531 562 565 570 587 724 754 796 848 848 863 890 913 916 998 998 1001 1079 1106 1140 1232 1239 1248 1329 1387 1442 1452 1452 1455 1646 1711 1997
37 0 65 445 544 971 1431 1545
38 38 153 168 326 326 349 701 754 998 1001 1329 1368 1648
39 36 39 83 224 226 226 226 259 282 282 291 318 353 456 590 788 858 866 866 917 924 1013 1044 1044 1044 1051 1051 1072 1081 1099 1099 1132 1210 1210 1210 1291 1334 1396 1535 1572 1633 1835 2004 2166 2166 2193
40 40 60 100 407 420 484 518 637 667 797 821 898 902 1000 1097 1239 1285 1285 1519 1635 1665 1812 2075 2163
41 30 41 132 180 330 461 483 823 932 995 1192 1759 1950
42 20 20 42 83 92 99 104 135 144 175 183 225 359 375 387 460 565 571 619 728 809 817 826 855 1013 1035 1058 1093 1128 1308 1354 1450 1450 1608 1685 1753 1826 1861 1878 1991 1991 2094 2150
43 5 12 41 43 59 78 89 89 97 115 123 126 127 127 150 161 170 179 179 185 198 204 208 221 221 342 346 355 357 357 357 363 363 370 372 376 376 407 433 456 457 507 536 537 542 559 561 610 626 640 641 641 644 644 655 677 690 749 789 789 795 803 824 873 890 891 936 936 972 998 1002 1013 1013 1019 1019 1021 1021 1023 1032 1043 1054 1099 1100 1145 1190 1228 1277 1300 1305 1307 1307 1323 1353 1353 1353 1414 1425 1453 1471 1471 1476 1477 1489 1501 1559 1570 1573 1599 1703 1705 1731 1731 1782 1788 1789 1839 1937 1943 1954 1965 1965 1981 1998 2047 2079 2153
44 44 79 96 131 185 210 249 252 254 277 280 358 367 379 384 396 402 403 415 492 502 512 512 517 530 554 731 766 843 862 862 862 873 881 937 948 981 1007 1072 1083 1085 1100 1113 1131 1155 1156 1243 1301 1350 1373 1377 1377 1422 1471 1473 1516 1533 1568 1591 1614 1641 1738 1785 1793 1799 1852 1881 1941 2052 2119 2174
45 45 45 45 54 60 93 99 102 102 118 121 144 148 148 152 157 157 158 159 159 163 168 168 178 220 220 232 243 263 263 270 286 286 313 368 418 425 431 474 518 528 543 565 641 649 649 649 652 652 652 652 671 671 685 701 702 704 704 720 733 739 739 755 819 848 855 857 863 863 863 943 982 986 1030 1033 1037 1168 1176 1186 1187 1191 1232 1232 1247 1295 1295 1333 1341 1415 1415 1415 1415 1455 1491 1555 1555 1555 1642 1654 1698 1698 1875 1927
46 9 46 81 94 186 186 186 193 196 217 219 248 316 328 329 336 361 389 389 389 454 454 454 455 517 638 654 721 786 789 826 859 900 963 980 999 1055 1134 1134 1180 1183 1219 1389 1422 1480 1518 1565 1565 1567 1675 1760 1781 1818 1899 2034 2045 2061 2074 2130 2178
47 47 71 142 204 438 447 669 877 1119 1136 1234 1264 1941
48 44 49 135 445 453 467 467 558 559 622 705 777 971 971 979 997 1002 1013 1025 1177 1296 1307 1341 1440 1466 1466 1517 1521 1566 1584 1608 1904 2111 2127 2155
49 18 50 123 123 140 236 280 375 390 451 453 459 484 507 537 554 731 735 749 751 756 759 806 833 879 901 901 917 936 996 1085 1085 1096 1167 1170 1218 1266 1292 1314 1580 1581 1618 1717 1873 1908 1954 2015
50 51 57 72 120 120 384 405 415 459 510 523 559 667 670 791 937 943 1140 1213 1234 1539 1557 1823 2064 2098
51 33 52 52 58 117 201 201 237 364 445 469 534 611 627 644 657 665 732 794 833 868 873 873 873 873 1006 1088 1112 1140 1204 1304 1548 1626 1828 1954
52 53 54 56 56 56 93 119 125 144 183 196 196 252 252 296 405 407 507 560 636 675 675 700 807 807 838 868 886 919 962 1369 1500 1590 1787 1840 1961 2161
53 54 131 245 373 438 987 1288 1288 1377
54 22 59 59 101 128 143 174 187 199 206 258 258 274 297 297 341 382 382 402 427 537 552 609 714 738 752 852 915 925 976 999 1043 1178 1257 1283 1283 1403 1484 1485 1843 2037 2076
55 60 111 151 226 278 353 368 442 615 615 710 710 710 736 823 1086 1086 1306
56 61 61 127 373 521 702 812 852 918 976 1026 1156 1198
57 63 211 968 990 990
58 31 55 64 123 123 221 280 291 298 323 581 849 872 872 873 873 945 945 1107 1639 1691
59 31 66 84 99 109 109 122 129 156 185 331 372 404 420 420 446 446 448 448 453 453 501 509 509 514 545 545 545 616 620 620 657 657 678 701 732 776 803 840 840 849 946 983 990 1014 1014 1099 1099 1109 1256 1281 1281 1329 1337 1340 1610 1639 1677 1717
60 47 68 87 126 149 192 546 563 1202 1303 1563 1624 1734 2067
61 18 69 187 427 493 662 710 762 800 826 860 868 868 944 1521 1648
62 10 10 46 58 58 70 78 97 109 122 161 211 229 233 261 261 321 321 329 329 342 342 343 343 347 347 347 347 367 367 384 490 490 560 572 625 689 689 707 742 742 806 806 837 837 1045 1099 1121 1209 1263 1331 1349 1357 1425 1437 1437 1437 1441 1441 1481 1610 1610 1705 1785 1984 2114
63 71 398 619 1609 1626
64 72 457 502 668 942 1324 1598 1598
65 0 0 73 135 223 375 409 467 605 699 908 1466 1528 1528 1565 1641 1919
66 72 74 92 228 242 242 314 538 619 645 670 681 730 812 929 1061 1105 1189 1210 1426 1656 1702 1849 1983
67 76 129 188 420 774 801
68 54 77 84 85 90 139 139 245 285 303 307 373 383 420 429 430 430 459 538 548 558 569 578 578 607 660 677 776 776 819 831 900 900 912 916 932 952 952 956 1078 1078 1098 1125 1199 1361 1361 1375 1384 1397 1397 1435 1448 1509 1615 1631 1631 1698 1777
69 78 78 157 269 269 284 325 325 343 455 577 599 601 601 701 720 800 873 914 916 941 945 989 1052 1121 1121 1166 1217 1325 1399 1652 1785 1793
70 79 135 252 256 323 335 523 529 721 741 891 941 1010 1040 1075 1145 1292 1355
71 80 102 588 919 975 1093 1627
72 81 81 163 237 237
73 35 69 82 83 111 111 153 170 213 232 238 268 285 285 285 310 375 429 460 499 505 518 530 536 614 654 712 749 749 749 943 954 984 1026 1026 1109 1121 1177 1317 1317 1395 1453 1514 1538 1538 1932
74 83 134 174 354 385 499 529 662 810 870 945 961 1157 1365 1495 1614 1740 1758 1861 1894
75 84 97 156 355 636 696 832 864 1183 1410
76 85 106 119 218 218 220 271 397 483 649 649 670 704 776 815 831 1138 1265 1405 1493 1503 1503 1521 1636 2188
77 86 219 384 475 560 573 683 838 1058 1217 1217 1287 1603 1741 1741 1938
78 8 87 87 95 103 103 121 226 266 356 820 1033 1129 1215 1215 1334 1346 1427 1620 1642 1686 1686 1805 1805
79 14 45 80 84 84 88 118 119 147 189 205 216 232 235 286 332 339 420 425 425 438 528 542 547 547 565 597 597 620 731 757 866 874 919 963 1116 1141 1141 1222 1287 1328 1343 1361 1400 1417 1417 1499 1520 1583 1644 1675 1675 1707 1875 2124
80 89 92 296 364 488 523 726 756 879 958 1309 1345 1357 1526 1677 1677 1828 1994 2070
81 78 90 156 170 261 287 291 342 384 643 749 862 954 1068 1097 1660 1742 1742
82 51 252 500 550 650 903 912 1523 1549 1958 2106
83 17 37 84 92 93 126 147 168 218 289 306 325 350 459 474 564 596 598 618 670 736 762 849 860 868 873 937 974 983 1001 1026 1035 1071 1107 1135 1193 1196 1211 1211 1212 1272 1293 1299 1312 1329 1485 1623 1843
84 22 94 354 521 677 686 1126 1126 1238 1410 1416 2039
85 72 281 399 412 471 478 538 772 772 782 800 810 857 916 978 1050 1211 1273 1368 1994 2177
86 71 91 99 158 314 442 557 565 812 962 1024 1344 1400 1666 1688 1757
87 100 100 195 282 399 413 681 684 684 951 1018 1722 1769 1928 1945 2080
88 7 7 90 106 257 257 418 464 851 852 1002 1031 1035 1463 1476 1634 1641 1717 1870 1902 1979 1998
89 54 103 1042 1192 1651
90 35 105 179 206 231 256 428 474 542 561 610 702 795 806 857 979 1003 1092 1545 1628
91 107 113 120 211 223 328 487 544 674 697 762 783 981 1238 1464 1501 1510 1552 1565 1697 1800 1911 1954 2093 2170
92 108 258 384 554 586 604 741 861 915 1075 1088 1280 1483 1765 1810
93 64 100 109 120 129 197 204 268 275 283 298 298 325 335 355 357 362 367 404 419 450 459 501 536 621 636 790 806 868 1058 1145 1152 1207 1212 1331 1639 1778 1961
94 81 110 145 283 295 347 382 768 827 960 1123
95 112 204 366 673 716 716 811 905 905 982 1192 1347 1503 2033
96 12 12 22 34 49 80 80 114 191 215 253 279 295 309 426 426 426 426 580 633 641 671 680 680 697 734 751 769 769 806 827 827 852 856 856 895 930 941 1023 1028 1063 1083 1162 1171 1235 1382 1382 1413 1413 1430 1431 1438 1552 1552 1594 1628 1628 1643 1678 1755 1778 1790 1857 1911 1973
97 31 32 44 79 82 82 96 96 116 133 152 224 258 261 373 376 453 508 508 538 551 562 574 714 748 758 766 821 844 849 869 1013 1035 1071 1089 1094 1100 1101 1109 1140 1147 1250 1271 1276 1338 1354 1379 1469 1508 1550 1551 1701 1701 1734 1802 1829 1890 1918 2158
98 117 187 501 645 1075 1476 1545 1609 2079
99 118 746 927 927 927 1037 1400 1423 1886 1926
100 120 275 275 409 548 560 586 687 838 945
101 92 105 121 126 226 226 474 532 807 1022 1051 1535 1620 1620 1829
102 122 201 509 628 711 777 790 861 933 978 1084 1133 1196 1350 1396 1483 1507 1521 1610 1812
103 16 16 123 573 878 1286 1731
104 19 23 64 125 134 173 220 346 357 357 373 457 530 542 568 619 647 741 748 993 1036 1069 1088 1207 1255 1305 1366 1374 1425 1476 1476 1517 1704 1793 1847 1871 1885
105 126 157 157 202 216 228 301 331 381 428 439 468 471 494 494 540 540 545 570 570 577 754 763 814 890 900 998 998 1054 1147 1150 1168 1221 1221 1342 1388 1404 1432 1531 1583 1816 1861 1865 2003 2120
106 73 127 275 364 403 619 761 908 1204 1206 1740 2038
107 31 78 78 78 128 277 367 400 476 805 1229 2089
108 10 86 129 135 169 327 363 363 397 411 515 549 699 785 908 922 975 1000 1034 1111 1127 1218 1222 1224 1263 1270 1301 1395 1433 1495 1623 1634 1638 1703 1815 1855 1980 1985 2082
109 47 54 60 79 130 148 262 485 760 781 1240 1298 1359 1574 1722 1795 1937
110 132 132 421 1745 1859
111 133 170 542 767 767
112 73 134 247 287 287 437 741 1096 1746 1817
113 32 53 67 136 344 395 478 770 794 916 926 1015 1236 1273 1275 1306 1886
114 138 176 241 278 603 603 659 673 673 681 779 823 1311 1423 1585 1586 1586 1592 1726 1822 2080
115 140 283 345 346 385 444 724 917 1122
116 106 141 438 533 533 533 631 772 772 815 874 1027 1027 1050 1050 1074 1202 1511 1585 1712 1777 1822
117 42 94 142 144 149 178 374 406 406 425 434 471 481 624 667 890 921 955 984 1112 1117 1276 1306 1356 1527 1698 1970
118 59 124 139 156 161 238 254 283 310 343 343 476 620 701 738 798 804 804 805 827 827 888 950 954 1026 1065 1162 1172 1225 1256 1293 1336 1339 1371 1436 1441 1464 1566 1716 1716 1838 1909 2068
119 3 44 61 124 145 179 216 251 280 337 342 385 408 425 430 478 484 519 606 724 776 790 844 866 879 933 1035 1147 1172 1278 1366 1830 1843
120 72 72 78 78 89 89 89 146 221 221 222 249 303 303 384 562 562 562 669 753 772 772 777 966 1026 1040 1068 1101 1123 1249 1325 1428 1452 1571 1591 1774
121 36 53 66 147 268 336 546 701 704 709 1003 1011 1132 1393 1442 1502 1886 1953
122 149 362 551 951 1078 1194
123 49 78 150 153 342 537 990 1085
124 151 612 702 1306 1634 1770 1928
125 37 105 105 119 152 207 282 320 542 545 772 806 863 877 916 1094 1375 1593 1618 1637
126 153 800 1173 1388 1899
127 154 511 667 866 893 1232 1505
128 10 155 180 362 442 471 489 784 794 912 919 1672 1722 1825
129 73 81 129 156 186 193 222 261 323 346 354 354 372 467 536 581 599 633 697 741 852 901 945 960 1097 1437 1481 1652 1788 1894 2100
130 85 157 157 233 434 434 434 569 728 772 772 772 819 1001 1001 1001 1098 1202 1202 1378 1400 1482 1482 1514 1892 2006
131 158 183 190 226 299 313 318 356 356 393 441 448 546 557 557 660 730 764 820 875 875 875 913 955 1041 1082 1125 1125 1125 1125 1125 1417 1427 1427 1433 1572 1592 1646 1685 1808 1940 1968 1968 1968 1986
132 97 211 227 229 304 426 536 596 734 770 818 833 936 1162 1171 1228 1313 1449 1454 1470 1678
133 37 159 246 436 518 594 1602 1606 1751
134 17 38 56 106 160 175 306 504 562 739 829 1042 1227 1354 1888 2182
135 50 325 340 703 881 1433
136 82 162 281 285 285 285 299 305 307 307 310 447 538 545 614 614 646 725 727 728 772 829 863 863 863 909 970 970 974 974 974 1133 1133 1139 1260 1261 1308 1346 1551 1649 1762 1868 1890 1893 1920 1943 1976 1977 2087 2116
137 163 812 868 1474 1568 1705 1846 1887
138 78 79 111 164 207 209 220 254 277 543 758 839 839 954 954 1009 1009 1308 1318 1562 1663 1967 2072 2078
139 8 54 87 103 121 226 289 401 401 401 583 598 955 955 1120 1141 1260 1764 1942
140 24 90 104 149 165 165 204 283 289 373 394 449 549 549 651 652 841 984 984 992 1005 1579
141 34 113 166 166 177 177 200 200 200 215 309 336 394 678 713 726 758 806 818 856 862 865 865 915 920 930 930 930 967 992 1043 1063 1103 1103 1156 1162 1184 1248 1271 1282 1282 1458 1700 1752 1867 2137
142 167 212 769 771 1077 1446 1446 1522 1674 1984
143 13 39 41 41 60 111 118 168 213 246 278 300 301 416 417 420 472 561 561 561 562 602 660 685 717 760 760 984 1000 1003 1018 1038 1648
144 170 204 256 277 277 362 367 481 642 763 789 789 794 950 950 1394
145 172 172 891 930 1542 2099
146 50 50 109 109 129 173 193 314 334 427 446 446 490 561 675 740 786 881 1092 1102 1183 1246 1278 1283 1677 1728
147 106 106 176 192 220 262 393 447 755 772 772 772 927 927 932 932 932 1037 1647 1708 1783 1888 1958 2097 2106 2189 2189
148 10 25 33 68 113 122 166 177 177 233 252 324 325 327 361 361 402 476 526 604 610 687 722 731 766 772 802 813 847 946 954 959 959 1071 1085 1085 1145 1157 1183 1211 1263 1290 1408 1408 1422 1422 1568 1584 1587 1641 1659 1710 1710 1911 1987 2009 2022
149 127 178 178 201 249 520 652 1009 1075 1198 1253 1253 1253 1348 1612 1673 1737 1771 1849
150 180 417 442 1486 1744 1744
151 65 182 237 522 653 918 930 1218 1478 1584 1697 1832 1833 1866 1966 1999
152 113 125 156 187 437 516 554 712 765 790 805 1013 1058 1123 1464 1661 2105
153 132 190 190 527 719 719 884 995 1129 1174 1321 1321 1486 1504 1504 1743 1759 1947 2028
154 39 191 1464 1484 1582 1582
155 194 262 271 716 716 994 1002 1115 1213 1215 1586 1880 2054
156 19 195 392 429 602 938 988 1015 1015 1015 1026 1139 1334 1356
157 196 242 308 308 308 308 469 647 698 1085 1866 2021
158 86 174 198 248 396 783 1072 1422 1873 2051
159 84 199 200 372 642 786 865 953 1060 1151 1163 1182 1228 1470
160 202 292 419 463 956 1322 1325 1536 1971 2007
161 204 233 233 233 233 237 254 277 277 297 362 457 457 555 586 824 824 843 843 920 948 1009 1040 1083 1089 1137 1137 1149 1156 1235 1301 1310 1350 1441 1451 1465 1616
162 79 205 240 310 863 924 1564 2042 2117 2129
163 18 58 125 327 339 429 630 678 774 775 791 794 1055 1440 1463 1528 1576 1619 1727 1910 1988
164 54 148 204 209 212 533 597 623 723 733 820 850 950 1059 1074 1098 1248 1306 1307 1836
165 10 30 178 192 212 233 366 381 394 457 485 603 623 623 683 758 793 804 1027 1027 1098 1144 1175 1334 1376 1600 1792 1820 2027
166 214 214 254 283 331 747 749 753 1009 1099 1452 1597 1828
167 110 216 246 338 470 571 643 645 736 757 782 857 951 1015 1086 1276 1280 1341 1450 1597 1605 1617 1636
168 181 189 218 218 251 251 304 355 587 830 1058 1066 1099 1189 1329 1402 1876 2145
169 0 37 37 53 122 139 195 222 243 250 268 283 303 344 346 481 559 560 560 588 642 642 704 709 767 768 782 806 824 827 919 937 983 1075 1162 1177 1499 1499
170 0 31 37 39 48 51 53 61 64 82 90 195 223 242 269 285 290 291 319 416 416 450 455 468 468 468 473 475 493 498 572 593 645 672 737 849 872 885 919 934 939 944 1003 1012 1072 1197 1197 1256 1257 1280 1517 1528 1641 1663 1785 1936 1939 1948 2089 2107 2191
171 227 625 915 1123 1736
172 99 153 181 194 254 266 302 306 313 329 592 657 657 723 739 772 801 805 866 983 992 997 1002 1002 1016 1025 1099 1105 1298 1307 1307 1378 1444 1608 1663 1696 1696 1796 1901
173 230 378 378 488 890 901 917 1012 1374 2046
174 37 91 232 631 678 797 1384 1409 1627 1915 2056 2121
175 41 233 329 362 362 380 453 536 606 620 721 721 767 785 791 909 934 950 964 964 1001 1004 1131 1131 1470 1494 1640 1640 1953 2036 2101
176 84 128 179 231 234 234 380 540 563 643 696 794 868 931 990 1101 1328 1596
177 72 72 233 236 238 254 366 367 545 555 588 854 950 1026 1066 1277 1364 1431 1540 1825 2175
178 34 58 88 97 170 211 221 238 260 260 302 316 319 326 407 490 490 523 560 572 572 599 607 616 625 693 696 705 743 749 830 946 990 1007 1013 1055 1071 1114 1146 1226 1281 1326 1440 1778
179 15 221 239 248 306 616 651 680 857 886 1060 1154 1231 1700 1838 2060
180 240 683 944 1018 1022 1025 1712
181 241 815 993 1178 1270 1511 1563 1563 2054
182 194 423 643 1078 1116 1199 1234 1342 1346 1411 1504 1983 2149
183 147 153 243 303 345 565 728 848 860 1400 1442 1507 1555
184 85 244 255 533 584 702 857 1087 1138 1862
185 245 256 274 310 415 808 1115 1223 1277 1953
186 111 158 158 447 504 1073 1240 1298 1572 2040 2138
187 52 81 249 314 337 389 443 488 516 630 724 805 864 937 1008 1031 1114 1120 1207 1299 1313 1509 1517 1881 2000 2184
188 43 73 90 119 128 139 144 144 145 156 250 345 407 409 412 416 429 466 466 493 505 630 655 657 662 703 743 806 807 881 886 969 1052 1102 1112 1197 1245 1314 1399 1938 2112
189 39 39 247 253 470 572 665 745 1058 1146 1146 1146 1228 1471
190 242 252 254 402 790
191 213 567 567 919 1047 1211
192 97 182 222 261 287 287 325 402 402 537 601 656 677 735 868 868 1249 1325 1501 1697 1987
193 83 263 439 708 902 1068
194 42 132 132 132 180 192 264 264 569 831 984 988 1012 1047 1192 1192 1213 1247 1294 1503 1586 1699 1825 1883 1963
195 267 267 267 489 489 536 1058 1391 1708 1708
196 38 115 128 168 205 222 269 279 281 307 401 401 418 458 501 570 629 701 722 742 772 845 976 976 998 1133 1329 1474 1477 1548 1548 1778
197 14 20 103 271 410 939 1024 1042 1087 1234 1335 1359 2146
198 12 107 134 219 234 253 272 272 272 680 734 745 840 891 949 1122 1142 1142 1220 1476 1501 1695 1828 2142
199 273 508 521 554 646 652 735 805 805 819 819 928 928 928 928 1240 1256 1259 1327 1327 1435 1649
200 181 276 955 984 1111 1247
201 52 66 170 187 196 200 279 300 342 459 490 536 553 573 584 741 783 786 786 981 1151 1183 1222 1251 1313 1320 1494 1539
202 251 281 286 299 412 425 460 562 1165 1293 1297 1375 1419 1636 1638 1646 1830 1890 2048
203 41 47 282 374 466 557 755 1067 1332 1390 1493 1577 1844 1921
204 107 248 284 507 696 770 778 836 862 864 1114 1148 1183 1290 1922
205 34 74 77 114 179 268 285 383 466 496 518 518 518 545 800 1015 1101 1176 1259 1443 1491 1628 1798 1798
206 14 104 126 216 286 319 416 427 456 520 1210 1428
207 288 501 628 791 1378 1467 1969 2167
208 290 290 334 608 885 965 965
209 91 280 292 293 302 374 485 696 721 753 822 828 1008 1316 1360 1426 1426 1622 2068
210 10 69 72 95 95 288 373 376 376 602 669 797 905 928 1124 1124 1175 1195 1195 1634 1714 2080 2147
211 156 157 221 296 300 342 396 396 407 494 552 566 801 870
212 88 114 119 197 200 228 291 298 298 304 342 342 643 643 728 816 816 946 1052 1108 1122 1336 1442 1639 1861 1935 1935
213 1 299 377 465 992 1433
214 268 300 323 499 568 892 914 940 946 1315 1315 1315 1315 1481 1516 1516 1582 1768
215 91 96 168 183 216 246 301 405 570 612 618 1054 1094 1106 1106 1442 1514 1596
216 49 49 52 66 76 99 120 127 127 127 128 133 183 185 189 193 197 222 245 250 253 286 303 304 307 323 326 364 367 370 371 371 376 376 382 402 429 554 599 607 626 669 735 792 868 873 944 944 954 1006 1006 1103 1140 1161 1173 1173 1193 1262 1290 1384 1514 1765 1778 1816 1962 2156
217 71 305 305 354 384 663 686 762 891 996 1020 1298 1299 1507 1638 1766 1772
218 34 78 179 238 309 367 386 394 633 697 698 936 1045 1098 1145 1312 1324 1454
219 31 133 280 311 477 498 657 961 983 1146 1146 1221 1399 1442 1742 1828 1955
220 48 74 159 662 675 767 838 852 857 956 1284 1293 1796 2086
221 8 37 53 69 190 194 277 278 278 315 315 315 315 356 362 381 424 424 424 438 468 483 506 511 511 511 579 639 639 639 659 660 677 716 748 784 1037 1074 1074 1144 1160 1160 1160 1194 1221 1221 1230 1241 1260 1269 1321 1346 1393 1405 1448 1575 1672 1683 1718 1858 1858 1858 1882 2057 2065 2115 2149 2172
222 159 228 318 1140 1173 1734
223 10 49 204 233 245 254 277 320 320 329 376 376 376 376 376 453 597 597 597 597 638 739 789 803 803 811 843 843 1133 1177 1177 1277 1277 1307 1307 1307 1328 1351 1578 1663
224 0 0 6 6 22 22 89 114 139 156 227 249 249 261 347 367 367 457 503 513 513 552 575 655 741 786 805 837 873 1099 1156 1203 1207 1277 1282 1317 1431 1431 1437 1444 1444 1444 1444 1464 1464 1548 1652 1731 1731 1741 1900 2012
225 15 321 384 1018 1114 1379 1478 1817
226 69 177 324 408 559 599 726 1442 1456 1509 1798 1846
227 3 5 19 58 68 69 78 88 156 170 175 187 211 283 298 319 326 337 337 346 397 407 425 425 430 443 474 559 559 559 581 585 636 695 765 765 846 967 969 969 969 1039 1106 1169 1180 1204 1231 1237 1292 1300 1334 1366 1373 1392 1410 1452 1458 1462 1489 1519 1541 1547 1564 1628 1663 1694 1734 1742 1871 1895 2014 2026 2148 2168
228 65 327 340 354 452 707 715 772 800 991 1220 1263 1363 1695
229 139 205 447 493 851
230 37 331 395 458 474 558 612 679 776 819 970 998 1138 1343 1448 1892
231 65 229 229 312 332 379 476 509 609 740 783 827 873 1386 1454 1522 1570 1659 1692 1703 1812 1871 1898 2073
232 6 73 335 432 534 554 616 656 945 1058 1122 1243 1243 1495 1691 1706 1806 2018
233 67 119 300 336 345 497 519 577 643 754 882 989 1140 1274 1381 1644 1716 2186
234 108 341 917 958 1009 1460 1554 2014 2044 2046
235 5 342 407 573 599 1692 2021
236 17 58 115 115 281 344 382 475 494 553 562 679 680 688 693 713 724 737 830 866 931 933 934 961 1004 1117 1197 1231 1297 1639 1732 1824
237 163 345 481 558 577 651 651 754 807 860 968 987 1196 1361 1888 1991
238 152 234 320 350 458 773 827 1277 1621
239 123 153 169 258 352 352 367 423 513 637 677 758 809 981 1028 1043 1210 1210 1240 1272 1272 1458 1478 1518 1551 1584 1625 1756
240 277 353 466 491 807 966 1044 1105 1625 1903
241 48 156 199 222 252 287 324 342 358 358 521 697 806 967 967 1121 1245 1462 1471 1793
242 174 331 359 468 520 661 902 923 1270 1516
243 35 119 194 518 518 518 702 754 841 1013 1134 1134 1186 1186 1187 1929 1929
244 10 59 361 418 455 599 630 839 999 1029 1088 1088 1142 1157 1184 1249 1350 1750
245 147 202 365 366 393 429 429 876 909 1191 1307 1616 1783 1811
246 368 894 1344 1344 1346 1633 1668 1685 2017
247 42 106 232 246 369 369 421 543 739 744 859 875 986 1124 1319 1405 1468 1636 1651 2016
248 34 370 534 1065 1065 1114 1388 1948
249 150 239 299 362 362 372 647 707 828 828 887 963 1176 1212 1272 1374 1706 1901 1923 1956 2029 2089
250 97 254 302 380 522 633 803 847 941 1059 1252
251 85 115 359 385 389 435 816 970 1182 1251 2032
252 21 170 187 259 272 277 386 399 400 452 517 523 593 609 721 753 771 843 910 937 950 1005 1045 1118 1131 1165 1224 1229 1301 1312 1351 1373 1598 1598 1785 1900 1924 1924
253 35 64 131 157 202 387 528 561 625 774 780 872 917 976 1015 1392 1532
254 388 461 787 1311 1347
255 391 443 509 1297 1762
256 266 282 313 392 447 466 631 704 720 723 809 860 962 1073 1378 1627 1830 1832
257 145 344 542 615 912 1093 1452 1642 2181
258 106 345 356 393 458 1093 1117
259 50 58 394 496 818 843 846 864 1015 1170 1204 1237 1292 1374 1382 1420 1613 1684 1851 1873 1975 1975 2005
260 196 300 358 397 608 665 838 1157 1729
261 48 59 108 185 188 307 364 398 404 404 450 456 484 508 570 636 642 703 768 857 890 943 1193 1313 1437 1437 1471 1487 1554 1558 1724 1757 1981
262 19 19 153 205 226 329 338 401 429 520 520 614 620 628 660 660 708 749 760 782 782 912 1103 1103 1118 1412 1537
263 129 227 404 409 577 841 1953
264 320 405 486 655 803
265 159 409 409 427 464 518 519 543 592 592 642 685 909 909 1185 1308 2062
266 23 275 319 326 477 586 690 1476 1491
267 374 374 374 411 417 1053 1247
268 95 142 149 270 414 438 558 966 979 997 1051 1084 1130 1254 1356 1407 1445 1543 1711 1829 2109
269 10 224 344 362 362 363 415 501 850 922 1301 1385 1603
270 266 491 1269 1319 1574
271 195 235 302 335 382 419 633 847 884 1428 1462 1517 1549
272 422 538 654 794 1038 1201 1931 1931 1931
273 423 568 1113 1385 1425 1617
274 21 28 83 195 275 349 428 670 794 838 867 867 1071 1081 1103 1136 1415 1415 1590
275 189 359 429 438 466 481 481 772 1047 1074
276 155 265 431 480 995 1174 1459 1586
277 14 525 955 1128 1583 1676
278 155 155 192 256 316 376 435 444 483 548 565 601 601 748 760 794 859 859 863 1009 1009 1009 1042 1155 1185 1215 1357 1357 1378 1400 1596 1596 1607 1680 1722 1779 1898 2053 2053 2102
279 195 195 195 196 196 202 224 242 243 357 394 417 459 463 491 536 558 563 594 594 603 632 662 667 708 757 919 962 1027 1051 1118 1173 1175 1597 1600 1641 1672 1713 1846 1858 1896 1962 2115
280 192 366 431 441 673 729 1407 1721
281 1 142 367 745 1227 1378
282 301 310 409 422 446 470 494 1287 1331 1388 1435
283 33 50 143 210 596 617 641 693 783 786 862 996 996 996 1231 1263 1302 1410 1610 1860
284 18 79 450 507 571 592 838 901 915 991 1013 1052 1058 1578 1639 1693 1999
285 30 169 209 452 679 1117 1458
286 65 146 455 767 845 1121
287 320 455 456 711 957 1681
288 10 10 10 22 156 250 254 256 256 297 320 329 394 457 457 457 457 487 498 554 585 585 735 753 791 803 839 843 843 856 950 958 961 1009 1009 1040 1040 1089 1089 1089 1235 1235 1258 1258 1277 1350 1366 1413 1430 1451 1578 1616 1616 1663 1682 1731 1756 1850 1990
289 22 52 124 272 286 333 347 453 459 464 477 521 619 654 656 765 772 812 946 1005 1020 1291 1336 1488 1578
290 106 151 190 315 423 462 602 823 823 834 835 884 884 884 884 986 997 1260 1525 1633 1672 1725 1819 1914
291 412 463 524 746 858 897 1061 1140 1421 1825
292 20 95 397 465 465 465 685 774 875 1022 1025 1062 1174 1208 1421 1950
293 435 467 521 656 726 732 946 1036 1115 1491 1518
294 115 247 250 396 450 686 908 1231 1318 1706 1951
295 15 473 479 595 595 871 909 952 1382 1478 1900
296 1 10 255 474 567 816 963 1057 1417 1694 1712
297 87 95 168 209 282 352 359 395 416 423 429 453 485 592 643 649 704 728 728 876 876 909 944 944 962 1093 1186 1273 1487
298 479 537 566 698 958 1697 1720 1833
299 19 23 187 187 484 749 795 805 1007 1055 1085 1280 1290 1626
300 27 138 209 228 468 468 647 667 998 1134 1136 1185 1803 1842 1886 2063 2075 2077 2113
301 31 53 117 140 161 170 191 219 225 276 299 300 399 467 487 584 619 783 807 826 871 1040 1075 1106 1162 1292 1293 1355 1361 1495 1753
302 34 58 199 357 358 362 490 493 509 516 521 686 794 941 1245 1372 1917
303 41 103 112 306 317 356 417 447 457 495 540 540 598 606 955 964 1070 1084 1084 1112 1421 1479 1523 1524 1583 1779 1824 1952 1978 2084 2088
304 117 179 319 496 584 870 870 914 1172 1245 1258 1466 1787 2144
305 132 266 462 500 818 979 1238 1242 1372 1946 1957 1972 2028 2043 2088
306 27 51 78 99 119 123 200 200 216 224 231 252 365 366 438 457 491 501 518 531 544 560 616 637 654 757 784 797 969 1015 1072 1099 1101 1136 1219 1233 1376 1385 1498 1498 1747 1775 1814 1853 1854 2011 2035
307 503 503 627 698 1631 1984
308 230 255 399 505 567 594 614 810 839 855 1081 1128 1181 1514 1521 1532 1560 1976
309 56 56 61 61 77 79 79 206 206 299 305 389 389 418 418 418 432 510 510 514 514 542 627 627 640 654 847 940 944 954 957 957 975 975 1026 1060 1089 1110 1110 1157 1157 1225 1364 1364 1364 1375 1445 1623 1667 1781 1818 1850 1865 1881 1942 1959 2017 2169
310 3 58 311 394 394 512 512 584 619 713 737 750 750 751 751 751 804 873 891 891 1020 1102 1136 1246 1266 1266 1323 1323 1420 1420 1628 1628 1999
311 42 126 192 194 298 513 618 643 653 660 660 702 823 890 909 944 1012 1134 1191 1404 1636 1636 1646
312 7 17 145 274 316 548 564 844 1015 1090 1187 1378 2152
313 496 530 530 753 1301 1664 1673
314 69 157 216 474 1232 1953
315 0 19 193 246 726 804 945 1245 1604 2099
316 53 60 209 273 522 522 749 839 866 866 918 918 1009 1215 1254 1254 1402 1402 2003
317 111 369 423 434 659 893 1159 1168 1240 1620 1699
318 306 355 647 990 1551
319 151 194 330 330 489 527 1091 1195 1195 1334 1334 1632
320 9 280 530 890 1286 1471 1573 1793 1793 1843 2143
321 36 541 597 607 1117 1176 2058
322 73 391 404 1135 1299
323 550 813 825 1047 1079 1128 1202 1233 1261 1261 1289 1352 1434 1577 1640 1726 1730 1791 1796 1874 1925 2187
324 552 648 657 753 887 1166 1308 1315
325 175 197 253 300 522 553 583 1013 1076 1209 1424
326 328 451 771 1049 1307 2066
327 58 199 233 367 521 555 556 734 795 935 937 1045 1080 1149 1200 1244 1347 1484 1856 1881
328 365 558 570 571 594 813 1140 1233 1419 1434 2113
329 329 329 362 555 701 721 900 950 1009 1301 1616 1688
330 428 567 928 1022 1054
331 288 464 499 555 568 797 812 841 1076 1076 1083 1083 1083 1083 1094 1098 1101 1101 1113 1145 1189 1507 1589 1766 1781 1901
332 245 571 758 801 1165 1273 1378
333 391 473 505 572 573 914 1433 1538 1729
334 3 426 445 516 596 596 618 627 745 830 850 886 960 1130 1386 1409 1420 1582 1908 1913 1913
335 382 474 501 508 619 628 829 1138 1181 1206 1212 1291 1416 1437 1671 1885
336 276 582 820 892 2083
337 69 240 395 583 600 874
338 17 38 38 72 82 92 168 460 538 577 577 577 645 736 868 1064 1068 1146 1190 1354 1388 1688
339 213 217 246 370 450 477 560 589 625 688 838 992 1205 1628 1639
340 197 204 269 370 453 656 657 765 803 873 914 1010 1621 1840
341 447 624 673 1192 1845
342 299 591 738 862 1660
343 592 708 714 776 1593 1655
344 301 331 481 702 1400 1636 1938
345 177 179 274 641 1367
346 441 563 600 602 760 875 987 1417 1553
347 111 255 399 605 669 669 1070 1128 1196 1306 1505 1634 1830 1872
348 91 189 613 1001 1181 1214 1326 1675 1933 2096
349 76 237 238 269 361 445 522 633 814 896 925 925 945 1310 1961 1989 2031 2068
350 49 161 503 712 770 1367 1611 2176
351 85 130 288 331 494 508 522 522 540 623 634 667 702 709 774 810 826 883 909 956 966 1159 1173 1181 1513 1617 1631 1825 2020 2122
352 204 615 635 1459 1569
353 53 77 310 344 481 519 614 637 646 709 776 785 828 867 890 902 907 1155 1156 1330 1428 1507 1516 1542 1564 1616 1675 1891
354 279 279 347 782 814 814 981 1098 1732
355 277 372 520 829 1121 1234 1234 1624 1718 1971
356 52 311 648 802 1032 1095 1104 1266 2038
357 653 692 732 732 802 1687 1687
358 298 464 494 623 709 760 1346 1549 1555 1807 1809 1825
359 411 632 658 793 932 1027 1174 1344 1475 1525
360 42 111 188 659 731 801 912 1390 1770
361 116 505 660 693 755 1404
362 38 69 116 612 860 1106 1976
363 191 661 832 1305 1428 1678
364 143 452 663 663 699 703 775 862 1379 1963
365 6 44 170 222 261 303 326 1203 1643 1643
366 38 103 671 702 758 1124 1128 1239 1617 1629 1992 1995
367 308 645 672 672 699 943 1069 1069 1415 1862
368 5 5 5 101 538 661 674 913 941 1045 1103 1231 1340 1437 1465 1657 2085
369 92 255 326 919 919
370 394 601 678 679 709 963 1004 1187 1194 1608
371 42 220 353 356 420 421 423 571 623 649 682 1298 1334 1346 1423 1589 1685 1859
372 31 612 1001 1046 1535 1646 2091
373 151 462 667 683 684 684 779 779 905 929 929 956 1056 1439 1474 1780 1859 2173
374 670 685 685 955 1670 2150
375 145 395 562 762 876 1108 1202 1338 1452
376 86 325 385 534 692 692 945 1268 1568 2023
377 53 56 66 144 231 490 571 614 643 709 1507
378 22 74 1136 1736 1877
379 68 409 961 1661 2103
380 352 548 643 912 928 984 1402 1442 1514
381 53 289 359 368 413 413 532 623 863 974 995 1011 1108 1221 1298 1502 1699 2139 2192
382 1 126 226 263 412 464 685 764 890 890 1140 1165
383 136 457 641 715 861 920 1657 2141
384 1 232 504 709 718 858 877 1078 1124 1153 1206 1379 1409 2159
385 151 719 1047 1421 1796
386 19 95 148 149 149 417 968 1211
387 144 331 344 505 591 725 807 1221
388 362 394 680 1075 1085 1282 1491 1974
389 34 53 185 196 211 211 211 446 477 577 739 830 1193 1258 1258 1341 1481 1507 1538 1538 1691
390 44 133 404 484 743 768 1272 2128
391 84 530 636 748 748 786 801 801 1517 1886
392 90 90 399 519 519 828 1015 1608
393 368 518 720 778 815 819
394 17 393 510 992 1634 1719 1886 2179
395 154 220 220 755 763 1051 1492 1503 1583 1698 1725 1735
396 0 259 269 439 669 764 902 914 917 967 1276 1401 1848
397 13 102 131 212 292 383 518 705 733 829 926 1134
398 58 167 357 435 435 479 783 1121 1268 1473 1528 1657 1695 1922
399 135 326 450 1003 1291 1313
400 148 491 784 784 787 1651 1896
401 21 50 202 275 319 411 785 1121 1556 1786
402 158 176 546 728 939 949 1022 1467 1526 1858 1921 1926 2067
403 200 359 484 799 1839
404 128 181 1305 1353 1573
405 106 235 800 810 2013
406 420 777 807 1701 1916
407 58 59 173 217 236 342 382 1162 1290 1517 1678 1827 1857 1881
408 21 97 403 476 536 734 811 871 910 1290 1408 1657 1951
409 308 317 672 687 809 812 978 1029 2002
410 335 475 642 699 817 826 1114 1209 1514 1740 1949
411 384 630 800 1720 1949
412 196 384 387 638 766 790 812 829 1026 1043 1085 1094 1544
413 96 794 800 1054 1153
414 136 301 545 831 890 1475
415 30 315 317 567 835
416 702 794 806 842 868 1636
417 402 402 707 786 1209 1410 1908 2123
418 49 847 1183 1370 2136
419 853 1216 1538 1723 1840
420 68 309 309 323 861 936 1245 1408 1952
421 81 186 212 248 862 1374 1784 1869
422 76 291 519 682 1064 1534
423 32 1213 1213 1342 1482 1825 1825
424 39 81 253 324 343 352 391 402 404 470 536 608 647 937 1097 1280 1462 1516 1550 1618 1706 1706 2062 2069
425 509 616 731 801 1239
426 17 144 493 505 522 1133 1155 1196 1475 1699 1770
427 93 524 538 642 812 874 874 1128 1295 1479 1671 2109 2171
428 21 117 154 210 242 300 647 689 744 889 889 949 1068 1113 1736 1864
429 536 906 943 1012 1027 1234 1453 1490 1546 1696 1982 2110 2174
430 180 719 894 894 1112 1592 1592 1739 2169 2190
431 327 715 852 895 1587
432 343 627 661 871 1664 1781
433 489 511 691 905 1091 1472 1486 1715
434 82 95 180 204 241 277 394 394 464 471 471 532 567 632 779 906 929 939 956 973 993 1009 1041 1109 1215 1269 1311 1319 1342 1346 1388 1400 1417 1564 1615 1671 1699 1926 2013
435 554 620 656 766 859 2145
436 83 266 558 567 1022 1035 1265 1308 1318
437 101 101 196 443 862 1085 1270 1715
438 928 1065 1276 1388 1612
439 196 402 457 761 919 930 937 1031 1788 1794
440 128 931 1049 1055 1741 1900 2093
441 25 266 313 912 913 927 927 986 986 986 1050 1342 1380 1434 1459 1712
442 56 189 245 251 285 394 513 669 841 1630
443 8 126 545 801 1030 1086 1202 1471 2157
444 133 306 520 660 848 947 1175 1645 1668 1676 1876 2096 2135 2140
445 83 352 953 1150 1322 1487 2125
446 297 686 686 958 1568
447 348 359 560 620 734 749 931 1240 1258 1259 1448 1448 1449
448 65 187 350 970 1568
449 20 975 1143 1178 1275 1679
450 43 93 446 474 523 554 612 864 1248 1326 1331 1368
451 977 1158 1492 1497 2134
452 687 690 811 980 1170
453 213 335 701 983 1432 1432 1442
454 464 545 800 817 1280 1932
455 81 210 233 297 376 396 517 627 668 843 896 950 1020 1277 1578 1841 2092
456 131 742 1669 1813 2162
457 84 931 1361 1435 1555 1555
458 190 369 421 423 563 682 875 906 906 1030 1050 1191 1627 1754 1920 1983
459 39 291 782 983 1514 1876
460 153 153 406 638 638 704 723 1011 1295 1625
461 669 816 890 1015 1015
462 99 112 148 226 381 442 469 506 710 812 932 982 1017 1024 1093 1144 1227 1423 1588 1658 1658 1712 1750 1842 1879 1907
463 242 416 460 649 1046 1109 1109 1378 1455 2132
464 315 417 431 489 835 1129 1972
465 110 117 364 805 923 1145 1170 1327 1327 1327
466 236 364 621 627 965 1162 1292 1599 1733 2024 2065
467 606 956 1048 1544 1777
468 161 311 321 536 561 657 980 1278
469 101 169 186 321 346 397 768 870 1014 1096 1228 1252 1471 1684
470 66 255 849 1109 1412
471 533 874 1022 1073 1087 1822
472 194 932 1087 1594 1652 1819
473 461 567 673 835 1116 1120 1335 1344 1427 1459
474 889 889 1068 1098 1103 1821 2020
475 240 670 784 1124 1279 1362 1968 2108
476 749 870 888 1103 1416 1418 1533 1533
477 270 307 393 421 520 682 906 1234 1247 1675 1796
478 68 380 814 1390 1889
479 454 607 1028 1152 1280
480 255 745 794 1141 1531
481 129 474 513 590 944
482 922 1222 1265 1279 1354
483 23 428 437 756 1151 1209
484 840 868 1152 1392 1478 1932
485 7 816 1094 1153 1153 1153 1185 1272 1328 1447 1629
486 125 162 353 493 927 992 1001 1071 1231 1322 1561
487 74 338 510 591 812 957 1534 1776 1872 2003 2056
488 78 222 261 444 453 839 839 1198 1203 1663
489 52 199 450 521 839 983 1171 1389 1621 1942
490 226 603 973 1264 1311 1490
491 249 258 469 629 1179
492 110 211 475 765 1089 1121 1180 1400 1793
493 33 233 391 407 703 715 999 1908 2059 2103
494 571 577 577 651 701 1239 1500
495 103 195 373 807 919 1138 1196
496 567 684 702 921 1044 1208
497 330 500 1459 1504 1831 1945
498 68 283 482 564 750 758 1734
499 236 803 891 948 950 1350 1514 2118
500 38 104 147 1053 1240
501 3 31 110 323 456 745 765 1278 1615 1765
502 26 555 665 1146 1273 1277 1479 1617
503 262 623 982 1298 1629 2028 2131
504 145 245 1065 1228 1271 1419 1581
505 661 1302 1525 1585 1912
506 205 306 859 962 1240 1308 1934
507 170 321 517 1113 1312 1870
508 292 800 828 844 1189 1316 1316 1360 1360 1426 1941 2008 2151 2154
509 604 840 1095 1458 1710
510 223 223 328 452 545 656 1331 1331 1331 1729 1942
511 221 409 1035 1345 1816
512 39 250 357 379 379 636 696 916 1736 2023
513 56 168 232 810 1147 1608
514 213 305 310 357 359 373 560 560 981 990 1115 1138 1373 1457 1596 2042
515 104 390 586 937 1533 2029
516 277 517 1374 1510 2119
517 483 787 1391 1504 1950
518 368 398 855 997 1362 1457 1588 1640 1670 1749 1947
519 178 423 1398 1398 1983
520 331 331 331 599 1240
521 189 464 1247 1368 1960 2106
522 23 52 335 335 475 1004 1026
523 32 663 1424 1496 1530 2160
524 240 357 1073 1421 1473
525 695 1432 1778 1918 2019 2086
526 847 847 1534 1866 2128
527 523 552 599 888 1207 1443 1956
528 938 938 1030 1030 1030
529 10 206 342 391 400 481 830 964 983 1020 1092 1487 1591 1650 1785 1834 2012
530 519 682 1105 1147 1334 1509 1801
531 190 1262 1515 1639 1944 1948
532 221 298 437 1657 1964 2085
533 254 288 510 628 809 1293 1297 1675 2094
534 182 327 396 656 826 1547
535 55 64 316 404 768 786 1099 1357 1748
536 119 275 804 1385 1517 1614 1736
537 19 49 145 150 152 468 468 714 850 1045 1165 1238 1257 1276 1276 1529
538 1 374 746 797 1845
539 278 393 465 667 913
540 233 320 329 758 903 1230
541 90 458 458 536 1046
542 534 1066 1196 1623 1709 1905
543 145 331 624 728 776 1487 1876 1891
544 102 276 782 984 1260
545 31 55 805 967 1902
546 298 364 404 577 1694
547 998 1189 1417 1557 1822
548 355 566 832 1239 1420 1741 1748
549 635 1186 1260 1279 2095
550 79 411 517 635 1490
551 72 1630 1671 1718 1835
552 978 1380 1493 1970 2004
