0 1906 0 1127 1695 960 1013 1483 1930 2049 367 1793 611 1579 765 1244 536 1286 2005 2164 475 225 843 1570 33 2090 539 1663 1102 186 256 227 811 2104 1282 1957 1781 333
1 797 567 1415 905
2 656 597 1004 1777 2 482 516 2059 981 1248 561 1363 212 981 516 1416 1456
3 391 1036 695 19 2026 774 1784 1684 530 3 862
4 1229 1593 1355 4 1461 602 939 801 1202 1402 1764 294 4
5 908 1072 1693 124 1437 140 1609 2081 1218 700 284 756 625 1961 1619 1748 1761 252 555 78 1799 1103 1961 31 170 5 904 1231 1680 366 935 26 236 2015 319 740 479 1263 416 169 101 653 182 1980 33 1286 759 280 1748 1643 1961 974 1107 1122 385 217 655 145 407 802 788 289 400 1164 1919 1767 1008 1286 1898 1913 2145 940 1458 1040
6 6 400 372 2112 2185 98 1217 324 966 342 128 1257 1429 766 75 919 269 676 1578 177 174 59 1266 380 1609 941 261 1135 742 753
7 7 184 911 985 466 2041 1851 233 588 1222 2102 11 48 965 1178 470 638 153
8 988 1155 51 126 32 8
9 1828 1221 127 9 1690 210 1043 1336 1664 698
10 62 208 347 734 59 2047 10 343 19 936
11 184 320 954 862 664 1173 1851 715 607 236 170 184 666 97 831 1280 811 287 238 1305 695 576 765 910 275 1619 304 1165 983 714 637 749 1395 666 1244 1357 78 1558 256 303 528 1291 1059 264 10 48 753 93 768 49 1263 50 1453 943 1155 339 620 539 1828 843 579 714 2121 749 549 741 935 2082 542 179 256 97 1271 1619 302 254 1003 329 1310 384 58 517 311 954 97 831 329 366 1263 1263 721 380
12 67 519 1716 1763 926 1116 399 1542 801 116 813 231 2050 365 1662 1716 276 1475 1094 13 286 1671 202 216 816 68 1615 399 453 395 395
13 14 466 173 405 590 583 589 815 92 612 1138 1003 112 1634
14 671 121 178 142 1557 54 1805 1507 279 1721 1482 1059 600 956 137 1318 1 600 525 1346 137 233 1068 1318 1053 1415 1467 819 1009 1012 119 1068 1318 671 1863
15 203 1409 423 2087 1983 16 1053 1773 1601 233 1536
16 625 1197 656 48 18 1128 295 828 1762 828 944 1118 23 1516 1105 183 242 1072 749 536 914 360 343 907 657 938 250 872 17
17 1157 996 1045 1009 1913 297 327 980 16 1922 1465 18 1758 128 1793 517 936 1085 956 279 433 711 297 366 870
18 286 989 1630 34 1489 1763 19 2025 198 1781 428 2042
19 171 330 317 489 1653 317 550 1497 1722 1423 171 1158 1804 1819 632 1390 30 1423 2133 779 834 834 632 20 410 180 2109 1423 1632 42 330 148 20 262 1804 834
20 135 852 221 751 1804 1463 786 1859 1331 1270 625 899 584 300 578 1115 21 840 1768 512 126 1337 668 331 1357 1922 1372 1993 375 1331 21 384 751 379 625 786 1443 1489 428 84 1512 55 477 300 114 286 1496 1870 2126 21 1425 551 1767 1533 2180 590 396 547 790 611 605 1151 1312 899 1112 1115 578 605 153 242
21 247 848 2055 1864 1971 2040 1478 2030 22 657 261 1320 1785 1884 1437
22 1207 89 304 195 1483 754 808 125 477 1081 1147 931 250 1564 275 23 1108 655 735 1582 794 561 1107 324 826 139 655 217 648 387 1366 1014 157 688 250
23 91 60 785 1638 1212 1728 1003 1241 1393 1273 60 706 753 372 254 24 1267 963 1836 224 1165 468 1792 1085 175 1215 419 1136 393 142 1398 10 149 753 890 1792 900 228 254 1642 338 29
24 632 1490 30 1713 1683 330 1042 344 132 442 784 155 912 1945 1333 121 1423 1344 491 480 825 944 25 723 823 500 2071 913 1515 922 87 823 603 667 149 733 988 315 431 1896
25 244 564 494 26 1299 225 558 1299
26 1520 226 1960 274 1523 1086 1655 1375 216 491 359 1188 1134 307 935 27
27 345 275 636 28
28 628 1288 220 866 924 1047 1047 708 708 194 1153 447 121 224 1247 1808 270 1757 431 1078 1816 1086 270 727 1191 41 213 29 679 1005 1046 764 1153 192 1241 602 491 282 393 41 32 1432 29 491 356 417 310 194 1280 145 1293 1153 809
29 106 691 673 823 823 1192 1016 2131 1050 1050 235 235 1016 1144 831 1945 1016 874 1393 1945 30 30 1050
30 246 612 125 702 2050 756 427 756 459 1646 119 35 268 104 125 1477 160
31 1341 550 508 66 594 32 583 345 1421 1588 1018 1173 1016 281 2183 880 744 1378 1393 973 255 912 1319 1173 784 1341 624 1341 365 131 907 532 1344 351 440 921 1018 1341 312 1593 1377 1814 265 912
32 694 1232 283 923 1862 1307 348 621 1401 535 349 382 437 865 34 694 578 1209 923 961 1442 694 1694 1706 31 283 1262 24 1689 1209 1923 1281 260 961 1595 1761 690 923 1276 1099 1149 694 694 961 621 923 487 768 1163 185 1149 348 1621 348 191 690 1431 1951 322 487 1163 349 1552 283 694 621 498 1045 931 1207 24 33 690 322 1496 1756 1207 33 1626 2126 185 498 690 1149 937 1149 348 1678 386 1331 936 185 284 1954 386 1552 191 322 191
33 379 1167 589 1081 795 877 342 207 1358 580 1240 1313 488 1837 967 745 792 375 338 1406 1271 1728 1205 18 621 323 119 917 177 756 744 1140 778 23 992 76 1433 477 10 323 287 879 548 973 833 942 775 1639 1471 473 477 18 444 878 333 1742 432
34 1359 412 545 83 35 612 538 1688 255 748 168 474
35 185 518 36 259 183 1047 439 890 1132 1893 796 439 979 801 458 1225 439 796 979 764 226 103 1002 1053 1044 178 542 170 1008 1241 119 1308
36 1711 1329 531 1455 1079 1452 36 1646 416 79 1140 1997 916 213 1452 565 1248 416 139 416 494 345 345 494 281 133 66 724 460 287 1232 494 754 848 1442 1239 848 95 393 1387 285 133 796 37 570 913 562 281 119 998
37 544 971 0 65 445
38 1368 326 701 38 326 349 168 754 153 1648
39 1633 2193 1044 866 259 1044 1072 1099 353 1013 1396 1081 2004 858 1051 226 318 1334 1835 924 83 2166 1132 224 1051 1099 226 36 866 291 1572 1044 1535 1210 2166 917
40 40 1635 637 1097 1285 1000 1239 60 420 518 2075 902 821 898 100 1665 2163 667 484
41 41 1759 932 330 30 995 483 132 823 1950
42 1354 460 2150 225 817 619 1878 42 83 1035 1308 1753 1991 387 1450 1058 728 183 1608 565 1861 1991 92 99 135 1128 375 1013 104 175 1450 571 144 1685
43 43 221 1300 179 2153 355 457 1573 123 41 185 690 346 1501 126 5 1190 89 655 1054 1471 1228 363 1145 559 542 1013 1943 1559 1782 1703 1489 370 1425 1277 749 1323 1839 1353 198 1476 626 998 1937 161 363 1789 1998 610 372 890 1307 376 1002 1570 795 641 204 891 507 972 1019 1353 1705 357 1788 1477 407 640 789 803 1043 641 1021 342 59 1019 936 1032 1305 115 433 1731 376 789 1965 456 1100 1099 1013 1414 536 1453 2047 1023 1307 221 1021 644 1353
44 1243 502 1131 881 96 948 1473 554 185 2119 766 379 862 1007 384 1785 254 862 252 280 1799 1373 2174 79 937 1516 1852 1793 277 1641 1072 415 1614 1155 517 396 402 843 512 44 403 731 1100 1471 131 367 492 1113 1085 873 1301 210 1156 249 1083 1377
45 474 1654 45 144 1333 1187 1168 702 1030 1176 93 685 431 943 263 733 168 755 286 986 1927 220 159 1247 671 60 982 220 649 819 528 168 863 1642 855 1415 863 163 1295 152 1875 1341 1455 848 1415 863 704 565 1186 1491 232 652 1037 857 1232 118 102 652 178 425 739 1555 720 1555 701 641 652 102 286 54 1698 243 1232 45 1295 1555 148 1415 148 652 671 263
46 1219 2034 2178 454 336 1899 193 2074 2061 329 328 517 638 454 1183 721 186 454 1565 789 186 219 1055 9 980 1422 1565 389 316 999 46 826 1389 361 389 1518 196 455 217 186 900 1818 1180 859 786 248 389 1134
47 142 438 669 71 1264 877 447 47 1941 1119
48 1296 1608 2111 2155 777 1307 2127 135 558 559 979 1177 1013 1341 1521 997 1025 1002 705 1517 467 1440 1904 44 453 622 971 1466
49 1167 1618 140 756 537 1266 1873 901 833 50 936 2015 459 554 123 1085 1170 453 123 1218 759 996 879 1096 1908 917 236 1314 731 901 1954 375 1085 507 451 1581 18
50 1539 1140 57 523 120 51 415 667 670 937 120 2098 459 1557 559 1234 1823 1213 510 2064
51 1140 33 117 1112 873 52 611 1828 794 833 1088 644 1954 1204 1626 364 732 868 469 52 534 665 58 445 201 873 237 1548
52 886 125 119 838 700 407 405 1369 636 1840 1961 2161 296 93 183 919 868 252 962 196 1590 560 675 675 507 807 53 144 1500
53 987 373 131 1288 438 1288 1377
54 427 274 552 1178 852 1484 915 402 714 2037 297 143 258 187 1043 609 59 101 925 1257 297 258 2076 1843 128 1283 174 199 206 382 752 1403 999
55 1306 615 710 111 823 353 368 1086 615 1086 151 60 226 710
56 61 127 976 1156 852 1198 521 918 1026 373
57 63 968 990 990
58 945 1107 280 1691 55 872 1639 64 581 323 291 298 31 873 849 123
59 66 372 1281 448 840 983 84 701 1340 840 1109 1281 420 99 509 849 1639 156 616 446 331 1610 776 122 404 803 448 109 1677 109 620 1337 620 545 129 990 657 732 545 185 946 509 657 31 1099 1717 678
60 563 2067 1563 68 1734 546 126 149 192 1202 1303
61 493 710 427 860 868 762 800 69 944 18 187 826
62 70 343 211 343 707 261 689 1425 1209 1437 1437 2114 1437 689 1357 625 837 742 261 806 58 161 1984 1441 342 742 46 1441 1785 347 490 384 233 58 342 490 1705 1045 329 837 321 1099 321 329 806 1263 1481 1610 367 1610 1331 1121
63 1609 398 619 1626
64 502 1598 1324 457 668 942
65 467 1919 699 1466 1528 908 409 223 73 1565 375 0 1641
66 812 1656 1210 74 92 619 314 242 1702 645 1983 538 242 1105 72 1189 670 1849 730
67 188 76 774 420
68 1098 1375 1631 1698 1615 1435 831 1509 303 569 538 548 285 956 84 373 307 459 1777 1384 900 776 1448 912 952 916 429 430 1078 383 245 776 85 1199 430 1125 1361 1397 952 900 578 54 90 660 932 578
69 269 1785 989 914 325 873 945 1166 1121 916 325 701 800 1652 1217 1793 343 78 1325 78 599 577 1052 941 455 284
70 1010 323 529 741 252 1145 1292 523 335 721 135 1355 891 79
71 919 588 80 102 975
72 81 237 81 237
73 614 153 984 35 69 518 1538 285 1317 429 1177 310 954 83 943 1453 170 232 1514 1395 1109 111 1121 712 654 111 238 1026 213 530 505 375 499 536 749 749
74 499 1614 1740 83 810 1861 1758 945 529 1894 134 662 1157 870 354 1365
75 696 832 156 97 636 864 1183 1410
76 397 1405 1521 218 670 1636 1138 218 2188 220 1493 1265 649 776 649 106 1503 815 271 483
77 86 838 573 1058 384 683 1603 1217 1217 560 1741 1741
78 95 1215 1427 1642 356 121 1686 820 1805 266 1620 1215 1129 226 103 87 1686 1805 1346
79 547 1343 425 332 597 731 286 1583 1417 339 597 232 205 866 620 1675 1222 1644 919 189 757 84 425 547 235 874 1707 216 1328 528 118 147 438 542 88 1141 565 1520 1361 963 14 1400 1287 1116
80 1994 756 958 488 1309 523 2070 879 296 1526 364 92 726 1345 1357
81 749 1097 287 1742 261 78 643 1742 1068 156 291 342 170 1660
82 252 1549 550 51 650 903 912 1523
83 1107 474 218 670 84 1001 598 289 849 459 126 873 1623 325 306 1312 1212 1843 1193 1485 564 92 1211 1293 974 1272 1211 1071 937 1329 350 736 1035 868 168 17 596 1135
84 94 1410 1416 521 1238 1126 354 1126 686
85 772 471 2177 810 1050 978 857 782 772 1273 538 800 412 1368 916 281
86 1666 1024 565 314 962 91 158 1688 442 1400 99 71
87 100 1769 100 2080 1945 413 1722 684 1928 282 195 684
88 1463 1902 1035 257 257 418 1641 851 1717 1476 1002 1870 1979 90 7 1031 7
89 54 1651 1042 103
90 105 1092 610 1545 795 561 979 179 256 806 206 1628 542 474 702 428
91 1697 1565 1501 211 1552 1954 120 783 113 487 1800 1464 2093 107 674 328 1911 1238 762 1510
92 915 1088 1765 108 604 258 554 1075 1483 586 861 1810
93 419 100 197 1152 357 283 120 1145 109 868 64 325 275 362 1212 790 1961 204 129 1207 450 636 1331 298 1778 1058 404 268 536 1639
94 960 347 1123 382 827 768 295 110
95 112 673 2033 1347 1503 982 204 1192 905 716 716
96 1790 734 580 279 680 114 1028 426 697 827 1628 930 1678 1413 1235 671 1382 1552 1911 22 295 1755 1857 941 1430 1643 1973 641 1162 1552 191 751 253 1594 215 80 680 827 1628 426 12 1023 49 895 633 1382 1171 1431 1063 426 856 1413
97 96 1109 1890 849 1035 152 1250 82 2158 1802 562 821 1734 1701 32 1379 1508 1550 714 44 373 1100 869 551 1071 1918 508 748 1013 1551 453 79 1089 758 1094 376 1271 1101 82 1469 1829 1338 224 116 574 538 1276
98 1476 645 1075 117 1609 2079 501
99 1037 927 1926 927 1886 746 118 927
100 838 120 409 687 275 945 586 275
101 532 121 1535 1022 474 226 92 226 1051 1829 126 105
102 790 1610 1812 1483 1396 122 1196 933 978 1521 628 1350 201 861 1133 711
103 878 123 16 1286 573
104 19 134 1793 1366 346 647 1425 357 568 357 619 1885 373 1305 530 1036 457 1871 1847 1374 64 1704 1207 1088 1517 993 542 1476 1069
105 494 763 1432 216 754 494 157 540 998 1388 471 157 540 1861 439 900 1221 1054 331 570 1147 890 202 228 1865 1404 1583 428 570 1221 381 1150 1816 468 2120 814
106 761 275 619 1740 127 364 908 1206 1204
107 78 2089 805 1229 400 78 31 128 78
108 135 1985 549 1301 1222 515 1980 1855 1224 1703 908 363 10 1395 1000 129 1127 327 2082 922 1270 411 86 1034 1815 1263 363 785 1433 397 699
109 148 1359 1574 79 1298 262 485 1795 60 47 1240 1722 130
110 1745 1859 132 132
111 767 133 767 170
112 1096 287 287 1817 134 437 73 1746
113 770 67 1306 478 53 1886 395 1273 1275 794 32 926 344
114 673 1311 138 1423 1592 2080 1585 241 659 603 176 603 1726 1586 779 681
115 140 346 283 444 385 1122 724
116 533 1585 438 631 1712 533 772 1777 1511 772 1050 1074 141 874 106 1050 533
117 178 1698 921 1970 471 1112 144 142 149 42 406 425 1527 1276 94 955 667 984 481 374 1306
118 827 283 161 310 1716 798 1339 2068 1256 59 476 827 343 950 1464 1162 738 238 1838 1225 1293 954 1065 804 1336 1436 254 124 1371 1566 156 888 701 139
119 478 430 844 179 44 790 1172 519 724 1366 1147 1278 484 337 124 251 408 3 1035 1843 385 866 61 606 145 280
120 1249 1571 1428 249 1591 1040 1123 1452 89 753 1101 78 72 772 1325 303 1026 72 669 562 772 89 966 221 303 562 562 221
121 701 66 336 1393 709 1003 1953 1442 1886 147 36 53 546 1011
122 149 362 1078 551
123 150 153 537 78 990 1085
124 1770 1634 1928 151 612
125 916 542 1618 320 1375 545 1094 877 863 1637 105 37 806 105 1593 772
126 153 1899 800 1173
127 667 154 893 511 1232
128 1722 784 912 362 1825 442 919 471 155 180 1672
129 156 193 1437 901 81 186 536 945 372 1652 581 261 599 741 323 73 960 1894 1097 346 129 354 1788 467
130 157 1514 1202 728 1202 157 819 1400 1378 772 1001 85 434 569 1001 434 772 2006 1098 1892
131 1940 557 1968 226 1125 1685 356 1986 875 1417 1592 313 318 190 730 448 299 1572 393 913 820 1125 1968 1433 1427 1646 356 1427 1125 955 557 158 1082 1125 546 1808
132 426 1678 936 734 1171 833 1162 1470 1454 1313 818 1449 304 211 229 596
133 436 1602 594 37 159 246 1606
134 1227 306 829 175 56 38 160 1354 562 739 17 504
135 340 50 1433 703
136 728 538 1943 545 909 1551 1346 772 310 1977 162 727 1868 1890 285 1976 2087 2116 281 829 1261 725 614 974 285 970 863 1893 307 1260 614 1139 646 1308 1133 447 1920 974 82 299
137 868 163 812 1474 1568 1887
138 1663 839 111 839 79 758 220 277 254 543 1009 2078 1009 954 954 1308 2072 207 1318
139 121 1942 289 598 583 401 1764 1260 1141 1120 226 401 401 8 87
140 449 149 165 283 984 549 1579 373 289 394 204 165 992 984 549 104 651
141 726 1752 758 1700 2137 713 915 200 865 967 336 1156 394 1271 992 34 177 1103 1248 806 200 678 1162 166 177 309 1103 920 166 930 856 1043 930 1063 1282 1282
142 1446 1674 1984 1077 1522 212 1446 771
143 416 60 760 168 1003 685 472 1038 417 561 1018 246 420 602 660 562 278 213 1000 760 561 13 300 41 41 118
144 763 950 1394 794 170 789 367 481 362 256 950 642
145 172 930 891 172
146 50 1677 1092 193 786 334 561 129 675 173 1102 881 490 1283 740 446 1728 109 1183 1278
147 393 755 927 1783 447 1037 2189 220 1958 932 927 772 176 2189 1647 2097 262 772 2106 772 192
148 1911 731 2009 2022 813 166 1408 1568 1987 113 1587 1422 476 847 1408 687 802 1659 1263 772 327 1641 402 1422 233 324 252 1145 1157 766 177 604 1183 954 526 361 959 959 722 361 1710 1710 946 1290 10
149 1348 127 1253 1673 1849 1612 1253 1253 652 1771 520 201 178 1198 1075
150 1744 442 180 417
151 182 1999 653 1478 1833 1697 1866 1218 930 1584 1966 237
152 1464 2105 516 1123 113 790 1058 125 1661 187 765 1013 437
153 1504 995 1321 1743 190 884 190 1321 1947 1174 1504 1759 1486 1129 2028
154 191 39 1582 1582
155 1586 1002 262 194 1215 1880 2054 271 994 1115
156 938 1356 1139 988 429 1015 195 392 19 1026 602
157 308 308 308 308 1085 647 2021 242 698
158 174 1422 1072 248 783 86 2051 198
159 84 953 199 865 1182 372 642 1060 200 1228 1151
160 419 1322 292 2007 1536 463 1971 202
161 843 1089 1310 1137 1301 1137 457 457 1040 237 843 254 824 555 277 233 1156 362 824 204 1616 233 1350 1451 277 1441 920 586 1465
162 1564 924 310 2129 2117 240 2042 863
163 125 58 1055 1988 1619 775 1463 791 1440 429 1576 794 1910 678 327 1727
164 850 723 1306 623 733 1098 212 1836 209 148 1059 1307 1248 1074 950 820
165 192 1600 366 1027 178 683 485 758 1144 30 623 233 1098 1334 457 623 394 1027 212 381 793 1175 1820
166 1828 283 747 214 214 254 753 1009 1452 1597
167 857 645 1605 951 782 1597 1636 246 643 110 571 1015 216 1341 757 1276 338 1450
168 1066 1402 830 2145 251 1099 181 1876 251 587 304 1189 189 1058
169 560 767 37 37 195 559 1499 782 1499 0 709 824 346 53 268 139 642 243 806 1177 919 1162 827 704 588 642 1075 283 481 937
170 1197 737 593 1936 1948 0 290 450 1785 2191 473 1197 1012 195 269 61 455 291 572 939 919 319 1641 1003 1257 416 468 885 1072 645 934 51 64 1517 31 416 468 1528 672 475 2107 223 39 1280 498 872 48 849
171 625 1123 1736 227
172 194 313 723 266 1696 1663 801 1444 592 1608 1002 1105 1696 739 983 1298 153 1099 992 1307 1307 657 657 1796 772 254 1901 997 866 99 1002
173 378 901 1374 230 488 2046 378 1012
174 232 1915 2056 37 1409 91 678 797 1627
175 1131 1640 1953 233 1131 767 721 964 1640 791 362 362 909 1494 41 721 964 620 2036 453 950 2101 785 1470
176 234 1596 931 696 84 563 643 231 540 1328 868 234 1101 179
177 1540 236 72 545 72 588 1431 238 1364 367 233 1277 366 1066 854 1026
178 599 260 1071 1226 696 170 238 523 326 1013 319 990 1440 316 34 1055 407 705 572 830 1281 260 1326 490 1114 302 625 693 490 560 211 1778 749 616 572
179 239 1154 15 1700 680 886 616 1231 1838 1060 2060 306
180 683 944 1018 1022 1712
181 993 1270 2054 815 241 1511 1563
182 423 1983 194 1116 1411 1504 1342 1346 2149 643
183 728 345 848 1555 243 147 565 1507 153 1442
184 244 85 1138 1087 255 1862 533 584
185 1953 1223 274 256 245 310 808 415
186 1298 111 1240 158 1572 1073 447 2138
187 389 249 1517 724 1120 1207 630 1881 2000 2184 1509 488 52 314 1114 1008 443 805 337 81
188 407 743 145 466 969 1112 73 139 655 43 144 807 1052 493 144 412 662 90 1245 416 630 2112 806 466 119 429 1938 886 156 505 703 1102
189 1471 470 1228 247 39 745 1146 39 1146 1146 665
190 790 402 252 254
191 1211 919 567 567
192 182 537 97 868 868 325 677 222 287 656 261 402 287 1249 735 1501
193 263 83 1068 439
194 1192 988 264 132 1012 1883 1699 192 264 569 1294 1192 1247 42 1825 1213 180 132 1047 831
195 489 1708 489 267 1058 267 1708 536
196 742 1133 976 722 1477 205 629 1778 128 269 222 501 1548 458 701 845 115 976 772 1474 1548 279 281 998 401
197 410 1042 939 2146 14 1359 1335 1087 271 1024
198 12 1122 745 134 253 1476 1695 891 2142 234 1501 949 219 680 1220 840 734 107 272
199 805 1327 928 819 521 735 1435 646 1256 1649 554 805 273 819 1327 652 928
200 276 984 181 955
201 1222 1251 279 1320 981 786 1494 1151 200 66 1539 52 170 196 536 1183 573 783 187 1313 300 584
202 562 299 251 1165 1293 425 2048 281 286 1830 1646 412 1419 1297 1638
203 282 1332 1844 466 374 557 1577 1493 1390 1067 47
204 1114 864 778 1922 836 696 507 1148 862 1183 1290 284
205 1259 518 383 1491 1443 1628 518 34 496 268 179 74 114 1176 1015 1798 77 285 518
206 286 456 1428 416 104 427 319 520 126
207 791 288 501 2167 1969 1467
208 290 334 608 965 290
209 1622 822 485 753 293 721 696 1008 280 302 828 374 1426 1426 1360
210 905 1175 1124 1124 1195 2147 288 602 669 72 2080 1634 1195 10 376 373 376 95
211 296 221 566 396 300 552 494 396 870 156 157
212 298 197 1122 946 816 304 342 1052 1336 200 228 1108 298 816 1442 114 1935 728 291 1935 1861
213 1433 992 1 377
214 1315 1768 300 1516 914 268 568 499 1481 1582 1315 946 940 1315
215 1106 183 570 1054 301 618 1514 246 612 216 168 1442 96 1094
216 367 868 52 1173 245 1103 944 183 599 250 189 1173 607 429 286 133 1006 1816 1765 76 954 402 304 197 376 326 1262 1384 1161 1514 554 792 303 49 128 253 120 382 1290 873 185 364 370 371 1962 1006 1140 193 66 99 626 2156
217 71 762 354 996 686 1020 1299 1638 1507 1298 891 305 305
218 1324 1454 34 394 386 1145 179 1098 1312 936 238 1045 78 697
219 498 133 983 311 1742 961 657 1828 1955 280 477 1146 1442
220 74 48 2086 675 852 1293 159 838 857 767 1284
221 1194 1230 1672 748 579 1260 1882 1448 8 277 2172 1683 362 1269 424 315 716 424 468 190 194 2065 1037 315 784 278 677 659 1718 1393 2057 1160 381 1144 2115 483 1575 53 424 1321 1858 315 69 660 511 1074 1405 1074 1221 438 506 1160 2149 1241
222 228 318 159 1173
223 277 1663 1578 739 320 49 1177 597 1307 376 204 597 233 320 10 638 254 329 803 843 1277 843 1177 1277 376 803 811 245 789 1307 1307 597
224 0 227 1317 1464 2012 6 457 575 367 367 1282 139 1277 89 837 1731 805 261 1444 1444 1207 1464 1900 786 655 1444 249 6 347 873 0 503 1431 22 1652 1444 1731 1548 1741 1156 1437
225 321 1379 384 1114 15 1018
226 324 1456 408 69 1442 599 726 1509 559
227 156 559 1519 69 969 765 581 1458 1628 337 967 1489 211 346 1292 1895 846 559 78 337 1871 407 1039 1237 765 1564 88 68 1334 2168 585 1169 2148 969 1734 1663 326 1462 58 1204 1300 1541 2026 397 559 969 319 170 1452 175 2014 3 1742 1180 283 298 1373 430 1694
228 1363 715 340 1263 354 65 327 800 1695 772 1220
229 851 493 447 139
230 331 1138 474 776 37 612 970 679 395 819 558 1448
231 509 873 1812 1871 229 332 1454 1522 379 827 609 229 476 1570 1703 65 1692 1898 783
232 73 1122 945 534 656 335 6 1243 1691 554 616 1243 1495 1706
233 336 882 1140 1381 643 119 300 2186 497 989 1644 1274 67 1716
234 958 2044 1009 1554 108 917 2014 341
235 342 2021 599 573 407
236 693 553 713 1117 737 961 1732 17 1004 1297 1639 115 115 382 931 866 688 344 1231 58 830 281 934 724 680
237 558 163 1991 651 481 651 968 1196 860 1361 807 577
238 773 1277 1621 827 350 152 458
239 1584 1458 1240 1551 169 1210 637 1043 1518 352 1478 981 123 758 1028 1210 423 809 513 367 352 1272
240 807 1625 1903 353 1105 966 277 466
241 1471 48 1462 967 967 252 806 222 1121 287 156 342 1793 1245 697 324
242 174 520 468 661 1516 331 902 923
243 841 1134 1186 1186 1929 1134 1929 518 518 1187 518 754 1013
244 999 361 1029 630 1249 1142 1184 10 59 418 455 1088 1088 839
245 909 1783 1307 366 1811 147 429 876 393 1616 202
246 1344 1344 1633 1668 894 368 2017
247 421 986 1468 106 543 42 246 232 369 744 2016 1651 875 859 1124 1636
248 1388 1065 34 1948 370 534
249 1176 1923 828 1706 150 1374 707 362 362 2029 372 1956 2089 963 239 1901 1212
250 522 1059 380 803 97 941 847 254
251 389 2032 115 385 1182 1251 85 970
252 1598 1924 1373 1131 1924 1118 272 452 1224 399 277 1312 937 950 1229 21 1301 843 721 910 1165 1785 593 259 753 400 1598 1045 1351 1005
253 35 774 976 917 202 64 1015 872 780 625 157 1532 528
254 461 787 1311 388
255 1297 1762 391 443
256 447 860 1832 1830 962 631 466 704 1073 1627 809 720 723 392
257 145 1093 912 542 1452 344 615
258 106 1093 458 1117 345
259 1420 1204 2005 846 1613 1374 1170 1873 50 1684 394 818 1975 1851 1975 1237 1015 496
260 397 608 665 300 358 838 1729
261 1554 1981 108 1437 456 703 307 48 857 185 768 1313 398 1724 943 1558 1487 1471 1193 1757 570 636 404 890 450 484
262 1103 1103 329 1412 760 782 708 153 912 19 620 1118 749 205 19 226 614 782 429 660 401
263 841 129 577 409 227
264 486 655 405 803
265 642 518 685 519 159 2062 409 427 543 1185 909 409 909
266 319 1491 586 326 690 1476 477
267 1247 374 411 374 374
268 979 414 1543 142 149 1130 438 966 1407 1711 1051 95 558 1356 1084 1254
269 362 850 1385 415 362 344 922 10 1603 363
270 1319 1269 266 491
271 419 633 335 1462 302 235 847 1428 1549 884
272 794 1201 654 1931 1038 422 1931
273 568 1113 1425 423
274 28 1415 1590 21 83 1081 428 275 195 867 1136 1103 794 1071 1415
275 189 359 1074 438 429 466 1047 772
276 431 480 1174 155 1459 995
277 14 1128 1676 525
278 155 1215 1042 2053 483 2102 1722 2053 1607 155 1009 192 256 1779 859 1009 760 1596 863 1378 794 565 1596 748 1009 435 1898 601 1680 1357 376 1357
279 563 1027 196 1713 594 459 1597 491 757 708 1641 1173 1962 224 242 962 243 1175 594 667 1600 1896 603 202 2115 1846 1672 1118 195 1858 632 536 394 417
280 431 441 366 673 192 1407
281 1227 142 745 1
282 470 422 301 1388 310 1331 1287 409
283 1302 143 996 33 641 1410 862 1231 50 693 1263 1610 210 596 617 1860
284 1578 915 1058 991 1052 1693 592 1639 450 79 18 1999 571
285 452 169 679 209 30
286 455 845 146 65
287 1681 320 711 455
288 1366 1850 1009 1089 803 250 1616 961 1430 10 1663 554 843 950 156 320 457 1040 1578 1756 1731 487 10 10 254 1258 297 1009 1277 791 958 457 585 256 1235 1235 498 1682 256 1413 1616 843 1089 585 856 329 1258
289 52 1291 1336 654 1020 946 272 1005 1488 1578 333 772 453 477 286 656 765 521 619 464
290 1633 997 1525 1914 462 602 1819 986 884 823 834 1672 835 315 1260 106 423 1725 884
291 463 412 1140 1421 524 746 897 858
292 95 774 1421 685 1022 875 1208 1025 20 1174 397 1950
293 1518 467 732 656 1036 1115 1491 521
294 1951 247 450 1706 1231 115 396 908
295 479 1382 871 473 1478 595 1900 952
296 1417 1694 963 1712 567 816 1 1057
297 876 95 592 282 1186 429 944 453 944 728 1487 395 1273 359 352 962 485 728 87 1093 909 416 876
298 537 479 698 1720 566 958
299 23 1085 187 187 484 795 1007 805 1290 749 1055
300 998 1886 138 1185 27 667 647 228 2063 468 1134 468 209 1803 1842
301 299 225 219 783 276 807 487 191 1355 140 117 1361 619 1495 467 1075 1106 584 1162 1753 826 300 170 399
302 490 516 58 358 1245 493 1372 1917 686 509 357 941 199
303 306 2088 447 606 2084 540 1952 1824 495 964 1523 1524 1070 103 1479 1779 356 955 1112 1583 112 1978 1084 1421
304 2144 1787 1172 870 319 496 1245 117 914 1466 1258
305 1372 132 462 266 500 1242 979 1946 2088 818 1957 2043
306 501 123 1853 1385 1219 1136 616 99 224 1814 491 531 1747 27 544 518 438 969 1498 365 1775 637 366 1233 231 2011 560 200 797 216 1072 1099 1376 119 200 1498 784
307 1631 1984 698 627
308 505 1976 230 1521 567 1128 1532 1514 614 594 839 1181 855 1560
309 627 640 1364 1881 847 61 56 1667 56 1375 654 77 1026 1157 61 542 1089 389 957 79 510 299 418 1110 944 1110 975 627 1781 1865 206 389 957 432 510 1850 1942 1623 1060 954 305 975 1818 940 206 418
310 512 1020 804 1999 1266 1266 512 1420 1246 394 1323 394 1323 873 1136 3 1420 891 1628 1102 891 1628 737 750 584 619
311 653 513 618 1012 1636 42 1636 643 298 1646 944 909 1191 1134 192 1404 660 126
312 548 145 7 1015 274 844 1187 316 564 1378
313 1664 1673 530 753 530
314 69 216 474 1232
315 804 945 193 19 726 0 246 1245
316 866 2003 522 53 1402 1402 209 522 918 1254 866 60 273 1009 1215
317 369 111 1159 423 1620 434 1168 1240
318 1551 647 990 355
319 330 527 330 151 1334 489 1195 1334 1195
320 1573 1471 2143 1793 890 1843 280 1793
321 541 2058 1176 36 607
322 391 1135 404 73
323 1202 1640 1874 1289 1352 1796 2187 1128 1434 1261 1261 1730 1791 1925 1726 1233 825
324 648 1308 1315 552 657 753
325 522 1424 553 1013 1209 197 300 1076
326 771 328 1307 2066
327 556 1080 1200 1856 1244 555 734 1045 58 1484 1347 1881 1149 367 795 233
328 594 365 813 1419 571 558 1140 2113
329 329 900 1688 701 1009 950 329 555 721
330 1022 928 567 428
331 841 1145 1094 1589 812 568 1113 555 1101 1101 1098 464 1781 1189 1083 288 499 1083 1083 1076
332 758 1273 801 571 1378
333 573 572 473 505 1729 914 1433
334 960 745 3 1130 618 1409 1913 886 1386 627 596 850 830 1908 596 516
335 1416 474 1212 1885 1291 1181 1671 1206 501 829 619 508
336 820 276 2083 582
337 600 395 583 240
338 736 92 1146 17 577 1068 868 72 577 645 538 1064 38 577 1354 1688 1190
339 589 370 625 688 217 1205 1628 1639 246 992 213 560
340 656 657 370 1010 914 1840 453 204 765 269 197
341 673 1845 624 447
342 299 591 738 1660
343 1655 776 592 714
344 301 1938 331 1636 481
345 274 1367 179 641
346 602 875 987 1553 441 1417 760
347 1505 1070 111 1306 669 399 1128 1830 605 669 1634
348 613 1214 189 1326 1001 1933 91 1675
349 361 76 814 1961 522 237 2068 925 1989 2031 238 269 1310 925
350 712 770 1367 161 2176 503
351 1513 2122 130 508 1617 1173 540 909 826 331 774 1181 494 522 522 956 1159 1631 667 2020 709 966 1825 810
352 615 1569 1459 204
353 709 776 637 1516 867 828 1675 519 1428 1330 785 1542 1616 646 1564 1155 1891 902 907 344 481 310
354 347 1732 782 814 279 1098 814
355 1624 1234 1971 372 520 277 829 1718
356 648 1032 1095 311 52 802 2038
357 692 802 1687 1687 732
358 623 1346 1809 1549 298 1807 464 1825 1555
359 932 1027 1525 658 1475 1174 411 1344
360 659 111 1390 731 801 912 42
361 693 1404 755 116
362 860 1106 69 116 38
363 191 832 1305 661
364 703 143 663 1379 775 699 1963 452
365 222 1203 326 1643 44 6 303 170
366 38 1239 1617 758 1124 103 671 1995 702
367 1069 1415 645 1069 672 672 699 308
368 101 5 1103 1045 1465 1231 1437 941 2085 661 1340 5 1657
369 255 919 92 326
370 678 963 709 1194 679 394 1004 601
371 1334 1589 571 42 420 220 1346 623 353 649 1859 682 421 1298
372 612 1646 1046 31 1535
373 929 667 929 779 1439 151 1474 1859 462 779 683 956 905 1780
374 1670 685 685 955
375 762 1202 1338 145 1108 1452 876
376 1268 692 86 692 534 1568 325 385
377 231 56 66 53 571 643 490 614
378 1877 74 1736 1136
379 68 1661 2103 409
380 548 984 928 1402 352 912 1514
381 1011 413 995 413 1699 532 1298 368 2192 863 1221 623 53 359 1502
382 1 685 263 1140 126 890 1165 226 764
383 861 136 2141 715 1657 457
384 718 1124 858 504 232 2159 877 1206 1 1153 1379
385 151 1796 1047 1421
386 417 149 19 968 149 148
387 1221 505 331 807 591 725
388 1075 1974 1085 362 394 680
389 1193 1481 577 1341 196 1691 53 1538 1538 211 185 1258 477 1507 211 739
390 404 133 743 484 1272 768
391 786 636 84 1517 748 1886 748 801
392 90 828 90 519 519 399
393 720 778 368 518
394 1719 2179 17 1886 992 393
395 763 755 1698 1492 1735 154 1583 220 1503
396 669 914 0 1848 967 1276 259 439 1401 269
397 383 926 292 212 131 705 829 102 733
398 479 783 1695 1268 1473 1528 1657 1922 357 435 58
399 1313 326 1003 450
400 784 784 148 787 1896
401 202 21 50 785 275 1786 1121 1556
402 176 158 546 939 1526 1921 1926 728 1022 949
403 200 484 1839 799
404 1305 1353 181 128
405 800 235 2013 106
406 807 1916 420 1701
407 1827 1517 1162 58 1678 59 217 342 1857 382 173
408 1290 1408 403 811 871 21 476 97 536 734
409 812 978 317 308 687 672 809
410 826 1114 1514 475 699 817 642 1209
411 800 1720 384 1949
412 1544 812 387 1094 196 766 829 1085 790 1043
413 794 1153 1054 96
414 1475 301 890 831
415 30 315 317 835
416 842 1636 868 794
417 402 707 1209 1908 1410 402
418 1370 1183 2136 49
419 1723 1840 853 1216
420 309 323 1952 861 1408 936 1245
421 1869 1374 1784 212 186 248
422 1534 519 682 76
423 1213 1825 1342 1213 32
424 647 1550 391 1618 2069 39 352 404 536 470 1516 608 937 1280 1706 1097 402 81 343
425 509 1239 801 731
426 1770 1196 1133 17 505 1475 1699 493
427 642 1128 2171 1295 1671 1479 524 538 2109 93
428 1068 210 154 689 949 242 1113 21 300 117 889 889
429 906 1012 1546 1234 1982 2110 536 943 1696 1453
430 719 1592 2169 894 894 180 1592 1739
431 1587 715 895 852
432 1781 661 871 343
433 905 511 489 1091 1486 1715
434 779 471 241 973 1615 1269 1671 532 394 956 1215 1417 204 1699 394 1388 567 2013 993 1041 939 1564 95 82 1109 1926 277 1346 464 1319 1342
435 2145 859 656 766
436 1308 1022 1318 567 1265 558 83
437 862 1270 101 1085 1715 196
438 1276 1612 1388 928
439 196 1031 761 937 457 930 402 919
440 1900 2093 1055 128 931
441 986 1380 1434 1459 25 266 913 927 313 1050 927 986
442 285 1630 513 245 251 669 394 56
443 1030 126 8 1202 801 1471 1086
444 133 2135 2096 306 947 520 660 2140 1175 1676 1645
445 1487 2125 953 1322 83
446 958 686 297 686
447 1449 1448 560 931 620 749 1259 348 1448 359
448 350 65 187 970
449 975 1143 1275 1178
450 864 612 1368 1331 446 554 474 43 1248
451 977 1492 2134 1497
452 687 1170 980 690
453 213 701 1432 983 1432
454 1280 1932 817 545
455 627 668 896 81 376 2092 1020 1841 396 297 517 950 210
456 1813 1669 2162 742
457 1361 1555 84 931
458 1030 1754 1920 190 421 682 1050 1983 423 369 875 1627
459 291 782 983 1876
460 1625 638 1011 153 638 153 704 723
461 890 1015 1015 816
462 1017 469 1750 148 1588 1658 506 226 381 442 1093 1907 1423 99 1712 1144 1879 1024 812 1658
463 649 416 1109 2132 460 1109 1378 1046
464 417 315 431 489 1972
465 923 1170 364 117 1327 1145 1327 1327
466 965 621 2065 1599 627 2024 364 1162
467 1048 956 1544 606
468 161 561 1278 657 321 980
469 1228 1684 1014 169 101 321 870 768 346 1096 1252
470 255 66 849 1412
471 874 1822 1022 1073
472 1087 1652 932 1594
473 1427 1120 1116 1335 673 1459 1344 567
474 1821 1068 1103 2020 889
475 2108 1968 1124 1279 784 670
476 1416 1418 870 888 1103 749
477 421 682 520 1247 1675 270 906 1796
478 814 1390 1889 380
479 1280 1152 454 1028
480 745 1141 255 1531
481 513 590 944 129
482 922 1279 1354 1265
483 1151 23 1209 428
484 840 1478 1152 1932
485 7 1328 1272 1153 1094 816 1185 1153
486 927 1071 1001 1322 992 353 1231 162
487 510 957 2003 1534 591 1776 1872 338
488 1203 1663 222 261 1198 444 453 839
489 1171 521 199 1389 1621 983 839 52
490 973 1264 226 603
491 258 469 249 629
492 1180 1121 211 1793 475 110 765
493 703 2103 33 999 1908 407 2059 233
494 1239 1500 577 651 571
495 1196 1138 807 373 195
496 1044 567 702 684
497 500 1504 1459 330
498 1734 482 283 750 758
499 891 1350 236 1514 803 2118
500 38 1053 1240 104
501 745 456 110 323 765 3 1765 31
502 1479 1273 26 1146 1617 555
503 982 2131 1298 2028 1629
504 145 245 1228 1271 1581
505 1302 1585 1525 661
506 1308 205 1934 1240 859
507 321 517 170 1870
508 2151 2154 1189 800 2008 1316 1360 1941 844 1360 1426
509 1458 840 604 1710
510 223 656 328 1331 1331 1729 452 1942
511 1035 221 1816 1345
512 357 2023 39 250 636 696 379 379
513 56 232 1147 1608
514 981 1457 1138 1373 213 1596 1115 373 310 560 990 359
515 390 1533 937 586
516 1374 1510 517 277
517 1504 787 1391 1950
518 398 1749 1362 1670 1457 1588 368 855
519 178 1398 1398 423
520 599 331 1240 331
521 1960 1247 1368 2106
522 475 335 23 1004 1026
523 1530 1496 32 1424
524 357 1421 1473 1073
525 1432 695 1918 2019
526 2128 1866 847 1534
527 1207 599 1443 552 523
528 938 1030 1030 938
529 1650 481 2012 1487 1092 391 1591 206 1834 983 830 1785 964
530 1509 1334 1105 1147 682
531 1262 1515 1948 1944
532 437 1964 221 298
533 628 2094 1675 1297 809 288 510
534 182 1547 826 327
535 55 1099 1748 1357 64 404 316
536 804 119 1614 1385 275
537 152 468 1257 1165 1529 19 1276 714 850 1276 145 468
538 797 746 374 1845
539 278 393 913 667
540 903 1230 329 320
541 458 1046 458 90
542 534 1196 1905 1709
543 776 728 1891 1487 1876 145
544 782 984 1260 102
545 31 55 1902 967
546 404 577 298 1694
547 1189 998 1417 1557
548 1748 1239 832 1741 566
549 1279 635 1186 2095
550 635 1490 79 517
551 1630 72 1671 1835
552 978 1380 1970 1493
