446 0
7367 1
6696 2
1878 3
4906 4
7411 5
1374 6
6118 7
7101 8
5929 9
5459 10
3094 11
4674 12
1942 13
2649 14
7152 15
6310 16
5224 17
7371 18
2170 19
1382 20
5680 21
7244 22
1586 23
2040 24
1237 25
6318 26
2796 27
1626 28
3189 29
6955 30
3312 31
6907 32
416 33
6319 34
572 35
4463 36
7118 37
4073 38
731 39
5844 40
7114 41
1735 42
3267 43
5695 44
675 45
4638 46
2920 47
4608 48
3749 49
2617 50
2812 51
3192 52
4731 53
2833 54
4464 55
5617 56
6103 57
3521 58
5760 59
4519 60
7100 61
6526 62
2400 63
5405 64
3017 65
3649 66
560 67
3320 68
3308 69
4240 70
5342 71
3684 72
1412 73
5914 74
1980 75
3041 76
1390 77
6601 78
3103 79
215 80
6988 81
658 82
4725 83
5318 84
4769 85
272 86
4170 87
6885 88
4824 89
1896 90
4404 91
6081 92
2364 93
4746 94
5812 95
454 96
6284 97
6163 98
7376 99
1008 100
2759 101
5379 102
4943 103
5490 104
5531 105
6834 106
6513 107
3533 108
910 109
4194 110
139 111
3721 112
825 113
6011 114
1481 115
7041 116
55 117
3846 118
4336 119
6591 120
1522 121
1517 122
3175 123
7070 124
6965 125
4168 126
2775 127
6429 128
6592 129
4656 130
4834 131
2205 132
3477 133
5852 134
6798 135
3577 136
2071 137
2492 138
5736 139
6287 140
1840 141
1526 142
6372 143
6414 144
3848 145
6781 146
2687 147
2273 148
2022 149
2500 150
3624 151
846 152
3432 153
4461 154
4981 155
266 156
6456 157
5118 158
4819 159
6977 160
3147 161
4603 162
2402 163
86 164
4258 165
1232 166
4564 167
6051 168
5778 169
4218 170
5657 171
2085 172
2223 173
1447 174
4853 175
3028 176
2052 177
606 178
2102 179
6036 180
1894 181
7089 182
2799 183
2485 184
2949 185
2831 186
3727 187
6879 188
1386 189
7048 190
5733 191
3896 192
621 193
5303 194
7270 195
6380 196
361 197
4960 198
1792 199
2475 200
2573 201
6734 202
4817 203
3924 204
4696 205
7400 206
1749 207
6371 208
746 209
1336 210
1809 211
2329 212
4823 213
1193 214
5330 215
5694 216
5144 217
1032 218
6786 219
4998 220
1248 221
7009 222
3227 223
1684 224
5754 225
6936 226
490 227
4810 228
3382 229
6940 230
3740 231
3123 232
1083 233
470 234
640 235
2703 236
5645 237
1516 238
3510 239
123 240
1585 241
2716 242
6447 243
1589 244
4640 245
824 246
3608 247
2846 248
948 249
6177 250
550 251
2762 252
568 253
851 254
847 255
2869 256
4877 257
2448 258
2271 259
5251 260
5100 261
1998 262
1625 263
1128 264
2250 265
4289 266
7135 267
5130 268
2340 269
3116 270
3642 271
2623 272
6295 273
3988 274
2714 275
2130 276
5285 277
4193 278
3291 279
4880 280
7110 281
4634 282
6303 283
7150 284
5843 285
7209 286
456 287
1706 288
3459 289
2619 290
3376 291
4175 292
1770 293
496 294
757 295
4017 296
2383 297
1716 298
5398 299
4558 300
1354 301
4899 302
3259 303
902 304
576 305
4452 306
2204 307
7026 308
996 309
5236 310
2148 311
6642 312
3053 313
3347 314
69 315
1881 316
4209 317
1705 318
2675 319
2056 320
3991 321
3093 322
2217 323
1348 324
6 325
5891 326
2519 327
3230 328
2556 329
6085 330
3669 331
1862 332
6583 333
4774 334
6402 335
6957 336
7225 337
5615 338
691 339
3572 340
2248 341
4481 342
283 343
1282 344
6550 345
7060 346
4409 347
1255 348
1819 349
6903 350
785 351
1497 352
5734 353
2870 354
1700 355
3385 356
872 357
356 358
2131 359
3215 360
1207 361
5593 362
7199 363
1591 364
1773 365
3769 366
6858 367
1138 368
4130 369
2892 370
2918 371
2076 372
414 373
130 374
3040 375
4149 376
6519 377
950 378
605 379
2766 380
4501 381
262 382
804 383
2815 384
267 385
5661 386
2508 387
1525 388
5169 389
1605 390
313 391
319 392
1710 393
4858 394
6046 395
3051 396
5344 397
6026 398
4137 399
3875 400
6911 401
6818 402
1443 403
6298 404
1041 405
7104 406
3279 407
1553 408
6932 409
7342 410
3518 411
1201 412
67 413
3821 414
6875 415
7185 416
6650 417
2489 418
3878 419
1987 420
2088 421
2290 422
1277 423
6706 424
1327 425
932 426
1784 427
6129 428
4667 429
1219 430
6075 431
1831 432
1982 433
6212 434
6733 435
3441 436
384 437
2297 438
4818 439
1389 440
5160 441
1505 442
4884 443
4107 444
7082 445
5800 446
2168 447
1902 448
767 449
5430 450
7167 451
269 452
6361 453
2363 454
2089 455
2087 456
4887 457
1922 458
7050 459
7247 460
4522 461
3956 462
6604 463
1319 464
6038 465
3713 466
6631 467
666 468
2465 469
582 470
892 471
4040 472
2884 473
204 474
3458 475
6663 476
2576 477
6662 478
4020 479
5031 480
4000 481
3905 482
7413 483
5208 484
5059 485
5805 486
4318 487
7181 488
5887 489
3265 490
1019 491
3080 492
5201 493
4276 494
4651 495
5932 496
7233 497
660 498
3814 499
4979 500
462 501
4779 502
107 503
2276 504
230 505
5879 506
1501 507
293 508
5722 509
680 510
5897 511
2681 512
887 513
6817 514
4471 515
6787 516
5846 517
6364 518
6354 519
4724 520
3127 521
4185 522
4067 523
5432 524
920 525
5309 526
1368 527
1923 528
6585 529
1933 530
5972 531
6981 532
7366 533
713 534
7409 535
6675 536
6304 537
150 538
3243 539
5464 540
5222 541
6073 542
2532 543
2856 544
3562 545
4333 546
4169 547
4183 548
6535 549
99 550
6013 551
1073 552
